$SPEC_ID:
Si-400 SVs #637
$SPEC_REM:
DET# 1
DETDESC# 39-GP-NB0025 Model 928 SN 15363939
AP# Maestro Version 7.01
$DATE_MEA:
03/10/2024 04:43:22
$MEAS_TIM:
1993 2010
$DATA:
0 4095
       0
       0
       0
       0
       0
       0
       0
       0
       0
      66
  236339
  345765
  159217
  136020
  122556
  109383
   99671
   89913
   81613
   75242
   69484
   63636
   59344
   54525
   50538
   46798
   43385
   40110
   36761
   33604
   30600
   28033
   25601
   23446
   21402
   19755
   17864
   16145
   14389
   13113
   11845
   10638
    9736
    8877
    8007
    7197
    6652
    5998
    5580
    5139
    4612
    4486
    4245
    4021
    3892
    3622
    3411
    3320
    3278
    3139
    3112
    2953
    2911
    2766
    2788
    2766
    2803
    2568
    2617
    2600
    2615
    2518
    2482
    2453
    2459
    2425
    2491
    2408
    2350
    2455
    2422
    2371
    2381
    2479
    2443
    2407
    2498
    2441
    2387
    2424
    2348
    2455
    2416
    2437
    2483
    2423
    2385
    2500
    2518
    2457
    2490
    2500
    2592
    2581
    2627
    2684
    2747
    2779
    2770
    2842
    3044
    3196
    3317
    3530
    3566
    3787
    3957
    4365
    4651
    4926
    5337
    6027
    6229
    6643
    7166
    7780
    8234
    8771
    9299
    9896
   10237
   10966
   11323
   11883
   12455
   13212
   13527
   13849
   14393
   14643
   15141
   15148
   15245
   15955
   15992
   16194
   16224
   16153
   16355
   16140
   16365
   15913
   16060
   15870
   15758
   15395
   15035
   14966
   14733
   14370
   14043
   13719
   13357
   13149
   12670
   12362
   11860
   11478
   11040
   10800
   10444
   10220
    9710
    9255
    8676
    8432
    8141
    7780
    7565
    7141
    6743
    6525
    6231
    6004
    5596
    5279
    5158
    4917
    4587
    4196
    4049
    3977
    3693
    3581
    3362
    3013
    2840
    2790
    2561
    2460
    2276
    2168
    1986
    1927
    1796
    1682
    1548
    1462
    1332
    1307
    1281
    1081
    1112
    1032
     982
     894
     816
     766
     716
     676
     615
     575
     555
     492
     498
     509
     424
     387
     387
     340
     303
     287
     275
     273
     271
     226
     217
     212
     188
     183
     176
     182
     150
     151
     143
     133
     103
      92
     114
     125
      88
     102
      90
      84
      78
      68
      84
      75
      76
      80
      53
      51
      53
      55
      59
      70
      47
      58
      45
      53
      54
      44
      56
      31
      39
      54
      45
      48
      38
      43
      39
      33
      42
      42
      37
      36
      37
      35
      39
      34
      27
      43
      26
      26
      33
      34
      42
      33
      35
      41
      34
      29
      24
      31
      28
      26
      32
      25
      35
      26
      15
      27
      21
      23
      24
      22
      28
      27
      22
      21
      24
      27
      12
      18
      22
      22
      19
      25
      24
      16
      23
      17
      28
      27
      16
      28
      18
      19
      29
      16
      18
      23
      24
      23
      10
      15
      14
      19
      20
      21
      19
      16
       8
      19
      24
      19
      11
      16
      20
       9
      14
      14
      13
      17
      15
       9
      18
      10
      19
      11
      17
       9
       8
      13
      20
      13
       8
      16
      12
      14
      12
       9
       8
      12
      10
      21
       9
      23
      15
      15
      14
      14
      10
      22
      14
      10
      11
       7
       9
      11
      12
       8
       8
      13
      12
      14
      12
      17
      11
      10
       9
       5
      10
       9
       8
      10
       6
      10
      10
       1
      12
      11
      13
      15
       5
      11
      14
       6
       9
       7
       8
       8
       4
       3
       6
       8
       4
       6
      13
       8
       8
      11
      10
       6
       3
       6
      12
       9
      16
       7
       5
      11
       6
       5
      15
      11
      10
       4
       6
      11
       5
       4
       9
       8
       7
      10
       8
      10
       6
       8
       9
       7
       5
       6
       6
       3
       4
       9
       9
       9
       8
       6
       9
       9
       6
       8
       9
       8
       2
       5
       8
      10
       3
       5
      12
      11
       5
       0
       7
       5
       6
       8
      13
      10
       8
       8
       2
       8
       4
       6
       4
       4
       2
       4
       6
       6
       4
       9
       3
       6
       7
       5
       7
       7
       8
       7
       7
       9
       6
       5
       3
       3
       8
       4
       6
       3
       8
       8
       7
       6
       4
      10
       4
       6
       9
       9
       7
       6
       3
       7
       5
       3
       1
       4
       7
       3
       4
       6
       3
       5
       3
       3
       9
       7
       3
       4
       3
       3
       3
       7
       5
       3
       3
       2
       5
       4
       6
       6
       2
       3
       3
       3
       2
       8
       9
       7
       6
       4
       3
       3
       6
       3
       7
       5
       8
       3
       9
       4
       4
       2
       4
       7
       3
       4
       7
       2
       4
       2
       4
       5
      11
       4
       4
       2
       4
       2
       1
       0
       7
       5
       4
       1
       4
       0
       5
       2
       2
       3
       2
       6
       4
       0
       4
       4
       3
       4
       8
       3
       4
      10
       4
       5
       4
       5
       3
       2
       4
       7
       2
       4
       3
       4
       3
       4
       6
       4
       6
       2
       1
       0
       4
       5
       4
       1
       4
       1
       3
       3
       6
       5
       2
       2
       1
       5
       3
       3
       4
       0
       5
       4
       4
       4
       3
       0
       6
       3
       2
       3
       4
       3
       5
       1
       3
       3
       0
       2
       4
       4
       6
       5
       5
       1
       5
       3
       3
       3
       3
       1
       8
       2
       4
       2
       6
       2
       3
       2
       2
       1
       1
       2
       1
       1
       2
       1
       3
       3
       1
       6
       1
       7
       4
       2
       3
       2
       7
       1
       4
       0
       3
       4
       3
       3
       2
       1
       4
       5
       3
       1
       2
       1
       4
       2
       3
       3
       2
       3
       1
       5
       0
       3
       2
       3
       3
       2
       1
       2
       5
       3
       2
       1
       4
       2
       3
       2
       2
       2
       1
       5
       2
       3
       2
       4
       3
       1
       1
       2
       1
       2
       1
       1
       2
       0
       1
       1
       1
       1
       2
       1
       1
       3
       3
       3
       2
       0
       1
       2
       0
       4
       1
       0
       1
       0
       3
       4
       0
       3
       1
       4
       0
       0
       2
       1
       1
       0
       1
       2
       0
       0
       2
       1
       3
       5
       3
       2
       2
       2
       2
       2
       1
       1
       2
       2
       3
       3
       3
       1
       3
       2
       1
       3
       3
       0
       2
       4
       3
       0
       1
       3
       0
       0
       0
       0
       3
       5
       5
       1
       1
       1
       1
       0
       1
       4
       2
       1
       0
       0
       2
       0
       3
       2
       1
       1
       0
       1
       1
       0
       1
       3
       0
       1
       2
       2
       3
       1
       2
       3
       4
       0
       2
       0
       2
       2
       2
       4
       1
       2
       0
       1
       2
       1
       0
       1
       1
       4
       2
       0
       3
       2
       2
       1
       1
       2
       2
       0
       1
       1
       3
       0
       0
       0
       0
       3
       6
       0
       0
       0
       1
       2
       0
       1
       1
       2
       1
       2
       0
       2
       2
       0
       0
       0
       0
       1
       2
       0
       1
       0
       1
       1
       0
       1
       1
       1
       2
       1
       1
       0
       1
       0
       1
       0
       1
       1
       0
       2
       1
       0
       3
       1
       0
       2
       1
       3
       0
       1
       1
       2
       2
       0
       2
       0
       0
       3
       0
       0
       0
       2
       1
       2
       1
       0
       1
       2
       0
       2
       2
       0
       1
       0
       2
       2
       0
       0
       0
       1
       2
       1
       1
       2
       0
       0
       2
       0
       3
       1
       1
       0
       0
       1
       3
       0
       1
       4
       1
       1
       0
       0
       0
       1
       0
       1
       1
       0
       1
       1
       1
       1
       1
       0
       0
       3
       0
       1
       1
       2
       0
       0
       1
       0
       0
       0
       0
       2
       1
       1
       0
       0
       2
       1
       1
       1
       1
       1
       3
       0
       1
       1
       1
       1
       0
       1
       1
       1
       1
       0
       0
       3
       1
       0
       2
       3
       0
       1
       1
       0
       1
       2
       0
       1
       0
       3
       0
       1
       2
       1
       0
       0
       0
       2
       1
       1
       1
       0
       4
       0
       3
       1
       1
       0
       0
       1
       0
       0
       1
       0
       1
       1
       1
       1
       1
       1
       0
       2
       2
       1
       1
       2
       1
       2
       1
       1
       0
       0
       0
       2
       1
       0
       1
       0
       0
       0
       1
       2
       0
       0
       0
       0
       1
       1
       1
       2
       1
       0
       0
       0
       2
       0
       0
       0
       0
       0
       0
       2
       1
       0
       0
       2
       1
       0
       0
       0
       1
       0
       0
       0
       0
       2
       2
       1
       1
       1
       5
       1
       0
       1
       0
       0
       2
       2
       2
       0
       1
       1
       1
       1
       3
       1
       0
       1
       0
       0
       0
       0
       0
       1
       1
       0
       1
       0
       0
       0
       0
       1
       0
       0
       0
       0
       0
       0
       0
       0
       0
       2
       1
       0
       0
       0
       0
       1
       0
       1
       0
       1
       1
       2
       2
       1
       0
       2
       1
       1
       0
       0
       0
       0
       0
       1
       2
       1
       2
       0
       1
       0
       1
       0
       0
       0
       2
       0
       0
       0
       0
       0
       0
       1
       1
       2
       1
       0
       0
       0
       1
       2
       0
       0
       2
       0
       1
       2
       2
       0
       2
       0
       0
       2
       0
       0
       1
       0
       0
       1
       1
       0
       2
       0
       0
       0
       1
       0
       0
       0
       0
       0
       0
       1
       1
       0
       1
       1
       1
       0
       0
       1
       1
       1
       1
       1
       0
       0
       1
       1
       0
       0
       0
       0
       1
       0
       0
       0
       1
       1
       0
       0
       2
       0
       1
       1
       0
       1
       0
       1
       3
       0
       1
       0
       0
       0
       0
       0
       0
       0
       1
       1
       2
       1
       0
       0
       0
       1
       1
       1
       1
       1
       1
       0
       0
       1
       2
       0
       0
       0
       2
       0
       0
       0
       1
       0
       0
       0
       0
       0
       1
       0
       1
       0
       0
       2
       0
       0
       1
       0
       2
       2
       0
       0
       1
       0
       1
       0
       1
       1
       0
       2
       0
       0
       0
       1
       0
       0
       0
       0
       0
       0
       0
       2
       0
       0
       0
       0
       1
       0
       0
       1
       0
       0
       0
       0
       0
       0
       0
       0
       0
       0
       0
       0
       0
       0
       0
       0
       1
       0
       1
       0
       0
       1
       0
       1
       0
       0
       1
       0
       0
       0
       0
       1
       0
       0
       0
       1
       1
       1
       0
       0
       1
       0
       0
       1
       1
       0
       0
       0
       2
       0
       0
       1
       1
       1
       0
       0
       1
       0
       2
       0
       1
       0
       0
       0
       0
       1
       2
       0
       0
       1
       0
       0
       0
       0
       1
       0
       0
       1
       1
       1
       0
       2
       1
       0
       0
       0
       1
       0
       0
       2
       0
       1
       0
       1
       0
       1
       0
       0
       1
       0
       1
       0
       0
       0
       0
       1
       0
       0
       0
       0
       0
       0
       0
       0
       0
       2
       1
       0
       0
       1
       1
       0
       0
       0
       0
       0
       0
       0
       1
       1
       0
       1
       0
       1
       0
       0
       1
       1
       1
       0
       1
       0
       0
       0
       1
       1
       0
       1
       0
       0
       2
       1
       1
       0
       0
       0
       0
       3
       0
       0
       0
       0
       0
       1
       1
       1
       2
       0
       0
       0
       0
       0
       0
       0
       0
       1
       0
       1
       0
       0
       0
       0
       0
       0
       0
       0
       0
       0
       0
       0
       0
       1
       1
       0
       1
       1
       0
       1
       0
       0
       0
       1
       1
       1
       0
       0
       1
       0
       0
       0
       0
       0
       0
       0
       1
       0
       0
       0
       0
       0
       0
       0
       0
       1
       0
       0
       0
       0
       0
       0
       1
       1
       1
       0
       1
       0
       1
       0
       1
       0
       0
       1
       0
       0
       0
       0
       0
       0
       0
       1
       0
       0
       0
       0
       1
       1
       1
       1
       0
       0
       1
       1
       0
       0
       0
       0
       2
       0
       0
       0
       0
       0
       0
       0
       0
       0
       0
       0
       1
       0
       2
       0
       0
       0
       0
       0
       1
       0
       0
       0
       0
       0
       0
       1
       0
       0
       1
       0
       0
       1
       0
       1
       1
       0
       0
       1
       1
       0
       0
       0
       1
       0
       2
       0
       0
       0
       0
       0
       0
       0
       0
       0
       0
       0
       0
       1
       0
       0
       1
       0
       0
       0
       1
       0
       0
       0
       0
       0
       0
       0
       0
       0
       2
       1
       1
       0
       0
       0
       0
       0
       0
       1
       1
       1
       0
       0
       0
       1
       0
       0
       0
       0
       0
       2
       0
       0
       0
       0
       0
       0
       0
       0
       0
       1
       1
       0
       0
       0
       0
       0
       0
       0
       0
       1
       0
       1
       0
       0
       0
       0
       0
       0
       1
       0
       1
       0
       0
       1
       0
       1
       0
       0
       1
       0
       0
       0
       0
       0
       0
       0
       0
       0
       0
       0
       0
       0
       1
       2
       0
       0
       0
       0
       1
       0
       1
       2
       1
       0
       0
       1
       1
       0
       1
       0
       1
       0
       0
       0
       0
       0
       0
       0
       0
       0
       0
       0
       0
       0
       0
       0
       0
       0
       1
       1
       0
       0
       1
       0
       1
       0
       0
       0
       1
       0
       0
       0
       0
       1
       0
       0
       0
       0
       0
       0
       0
       0
       0
       0
       1
       0
       0
       0
       2
       0
       1
       0
       0
       0
       1
       0
       0
       0
       0
       0
       1
       0
       0
       1
       0
       0
       1
       0
       0
       1
       0
       0
       2
       0
       0
       0
       1
       1
       0
       0
       0
       0
       0
       0
       0
       0
       1
       0
       1
       0
       0
       1
       0
       0
       1
       0
       1
       0
       0
       1
       0
       0
       0
       0
       0
       0
       0
       2
       0
       1
       0
       0
       0
       0
       0
       0
       0
       0
       0
       0
       0
       0
       0
       0
       1
       0
       0
       0
       0
       0
       0
       0
       1
       0
       1
       0
       0
       0
       0
       0
       0
       1
       0
       0
       0
       0
       0
       0
       0
       0
       0
       0
       0
       0
       0
       0
       0
       0
       0
       1
       2
       0
       0
       0
       0
       0
       0
       2
       0
       1
       0
       0
       0
       0
       1
       0
       0
       0
       0
       1
       0
       1
       0
       0
       0
       0
       0
       0
       0
       0
       0
       0
       0
       1
       0
       0
       0
       1
       0
       0
       0
       1
       1
       1
       1
       0
       1
       1
       1
       0
       0
       0
       1
       0
       1
       1
       0
       0
       0
       0
       0
       0
       0
       1
       0
       0
       0
       1
       0
       0
       0
       0
       0
       1
       0
       1
       1
       0
       0
       0
       0
       0
       0
       0
       0
       0
       0
       0
       0
       0
       0
       0
       0
       0
       0
       0
       1
       1
       0
       0
       1
       0
       0
       0
       0
       1
       0
       0
       0
       0
       0
       0
       0
       0
       1
       1
       0
       1
       0
       0
       0
       1
       0
       0
       0
       0
       0
       0
       0
       0
       0
       0
       0
       1
       1
       0
       0
       0
       0
       0
       0
       2
       0
       0
       0
       0
       0
       0
       0
       0
       1
       0
       0
       0
       0
       0
       0
       0
       0
       1
       0
       0
       0
       0
       0
       0
       0
       0
       0
       0
       0
       1
       0
       0
       0
       0
       0
       1
       0
       0
       0
       0
       0
       0
       0
       0
       0
       0
       0
       2
       0
       1
       0
       0
       0
       0
       0
       0
       0
       0
       0
       0
       1
       0
       0
       0
       1
       0
       0
       0
       0
       0
       0
       0
       0
       0
       1
       0
       0
       0
       0
       0
       1
       0
       1
       0
       1
       0
       0
       1
       0
       0
       0
       0
       0
       0
       0
       0
       0
       0
       0
       0
       0
       0
       0
       0
       0
       0
       0
       0
       0
       1
       0
       0
       0
       0
       0
       0
       0
       0
       0
       0
       0
       0
       0
       0
       1
       0
       0
       0
       0
       0
       0
       0
       0
       0
       0
       0
       0
       0
       0
       0
       0
       0
       0
       0
       0
       0
       0
       0
       0
       0
       1
       0
       1
       0
       0
       0
       0
       0
       0
       0
       0
       0
       0
       0
       0
       0
       0
       0
       1
       0
       0
       0
       0
       0
       0
       0
       0
       0
       0
       0
       0
       0
       0
       0
       2
       0
       0
       1
       0
       0
       1
       0
       0
       0
       0
       0
       1
       0
       0
       0
       1
       0
       0
       0
       0
       0
       0
       0
       0
       0
       0
       1
       0
       0
       0
       0
       0
       0
       1
       0
       0
       0
       0
       0
       0
       1
       0
       0
       0
       0
       0
       0
       0
       0
       0
       0
       0
       0
       0
       0
       0
       0
       0
       0
       0
       0
       0
       0
       0
       0
       0
       0
       0
       0
       0
       0
       0
       0
       0
       1
       0
       0
       0
       0
       0
       0
       0
       0
       0
       1
       1
       0
       0
       0
       0
       0
       0
       0
       0
       0
       0
       0
       0
       0
       0
       0
       0
       0
       0
       0
       0
       0
       0
       0
       0
       0
       0
       0
       0
       0
       0
       0
       0
       0
       0
       0
       0
       0
       0
       0
       0
       0
       0
       0
       0
       0
       1
       0
       0
       0
       0
       0
       0
       0
       0
       0
       0
       0
       0
       0
       0
       0
       0
       0
       0
       0
       0
       0
       0
       0
       0
       0
       0
       0
       0
       1
       0
       0
       0
       0
       0
       0
       0
       0
       0
       0
       0
       0
       0
       0
       0
       0
       0
       0
       0
       0
       0
       0
       0
       0
       0
       0
       0
       0
       0
       0
       0
       0
       0
       0
       0
       0
       0
       0
       0
       0
       0
       0
       0
       0
       0
       0
       0
       0
       0
       0
       0
       0
       0
       0
       0
       0
       0
       0
       0
       0
       1
       0
       0
       0
       0
       0
       1
       1
       0
       0
       0
       0
       0
       0
       0
       0
       0
       0
       0
       0
       1
       0
       0
       0
       0
       1
       0
       0
       0
       0
       1
       1
       1
       0
       0
       0
       0
       0
       0
       0
       0
       0
       0
       0
       0
       0
       0
       0
       0
       0
       1
       0
       0
       0
       0
       0
       0
       1
       0
       0
       0
       0
       0
       0
       0
       0
       0
       0
       1
       0
       0
       0
       0
       0
       0
       0
       0
       0
       0
       0
       0
       0
       0
       0
       0
       0
       0
       0
       0
       0
       1
       0
       0
       0
       0
       0
       0
       0
       0
       0
       0
       0
       0
       0
       0
       0
       0
       0
       0
       0
       0
       0
       0
       1
       0
       0
       0
       2
       0
       0
       0
       0
       0
       0
       0
       0
       0
       0
       0
       0
       0
       0
       0
       0
       0
       0
       0
       0
       0
       0
       0
       0
       1
       0
       0
       0
       1
       0
       0
       1
       0
       0
       0
       0
       0
       0
       0
       1
       1
       0
       0
       0
       0
       0
       0
       0
       0
       0
       0
       0
       0
       0
       0
       0
       0
       0
       0
       0
       0
       0
       0
       0
       0
       1
       0
       0
       0
       0
       0
       0
       0
       0
       0
       0
       0
       0
       0
       0
       0
       0
       1
       0
       0
       0
       0
       0
       0
       0
       0
       0
       0
       0
       0
       0
       0
       0
       0
       0
       0
       0
       0
       0
       0
       0
       0
       0
       0
       0
       0
       0
       0
       0
       0
       0
       0
       0
       0
       0
       0
       0
       0
       0
       0
       0
       0
       0
       0
       0
       0
       1
       0
       0
       0
       0
       1
       0
       0
       0
       0
       1
       0
       0
       0
       0
       0
       0
       0
       0
       0
       0
       0
       0
       1
       0
       0
       0
       0
       0
       0
       0
       0
       0
       0
       0
       0
       0
       0
       0
       0
       1
       1
       0
       0
       0
       0
       0
       0
       0
       0
       0
       0
       0
       0
       0
       0
       0
       0
       0
       0
       0
       0
       0
       0
       0
       0
       0
       0
       0
       0
       0
       0
       0
       0
       0
       0
       1
       0
       0
       0
       0
       0
       0
       0
       0
       0
       0
       0
       0
       0
       0
       0
       0
       0
       0
       1
       0
       0
       0
       0
       0
       0
       0
       0
       0
       0
       0
       0
       0
       0
       0
       0
       0
       0
       0
       0
       0
       0
       0
       0
       0
       0
       0
       0
       0
       0
       0
       0
       0
       0
       0
       0
       0
       0
       0
       0
       0
       0
       0
       0
       0
       0
       0
       0
       0
       0
       0
       0
       0
       0
       0
       0
       0
       0
       0
       0
       0
       0
       0
       0
       0
       0
       0
       0
       0
       0
       0
       0
       0
       0
       0
       0
       0
       1
       0
       0
       0
       0
       0
       1
       0
       0
       0
       0
       0
       0
       0
       0
       0
       0
       0
       0
       0
       0
       0
       0
       0
       0
       0
       0
       0
       0
       0
       0
       0
       0
       0
       0
       0
       0
       0
       0
       0
       0
       0
       0
       0
       0
       0
       0
       0
       0
       0
       0
       0
       0
       1
       0
       0
       0
       0
       1
       0
       0
       0
       0
       0
       0
       0
       0
       0
       0
       0
       0
       0
       0
       0
       0
       0
       0
       0
       0
       0
       0
       0
       0
       0
       0
       0
       0
       0
       0
       0
       0
       0
       0
       0
       0
       0
       0
       0
       0
       0
       0
       0
       0
       0
       0
       0
       0
       0
       0
       0
       0
       0
       1
       0
       1
       0
       0
       1
       0
       0
       0
       0
       0
       0
       0
       0
       0
       0
       0
       0
       0
       0
       0
       0
       0
       0
       0
       0
       0
       0
       0
       1
       0
       0
       0
       0
       0
       0
       0
       0
       0
       1
       0
       0
       0
       0
       0
       0
       0
       0
       0
       0
       0
       0
       0
       0
       0
       0
       0
       0
       0
       0
       0
       0
       0
       0
       0
       0
       0
       0
       0
       0
       0
       1
       0
       0
       0
       0
       0
       0
       0
       0
       0
       0
       0
       0
       0
       0
       0
       0
       0
       0
       0
       0
       0
       0
       0
       0
       0
       0
       0
       0
       0
       1
       0
       0
       0
       0
       0
       0
       0
       0
       0
       0
       0
       0
       0
       0
       0
       0
       0
       0
       0
       0
       0
       0
       0
       0
       0
       0
       0
       0
       0
       0
       0
       0
       0
       0
       0
       0
       0
       0
       0
       0
       0
       0
       0
       0
       0
       0
       0
       0
       0
       0
       0
       0
       0
       0
       0
       0
       0
       0
       0
       0
       0
       0
       0
       0
       0
       0
       0
       0
       0
       0
       0
       0
       0
       0
       0
       0
       0
       0
       0
       0
       0
       0
       0
       0
       0
       0
       0
       0
       0
       0
       0
       0
       0
       0
       0
       0
       0
       0
       0
       0
       0
       0
       0
       0
       0
       0
       0
       0
       0
       0
       0
       0
       0
       0
       0
       0
       0
       0
       0
       0
       0
       0
       0
       0
       0
       0
       0
       0
       0
       0
       0
       0
       0
       0
       0
       0
       0
       0
       0
       0
       0
       0
       0
       0
       0
       0
       0
       0
       0
       0
       0
       0
       0
       0
       0
       0
       0
       0
       1
       0
       0
       0
       0
       0
       0
       1
       0
       1
       0
       0
       1
       0
       0
       0
       0
       0
       0
       0
       0
       0
       0
       0
       0
       0
       0
       0
       0
       0
       1
       0
       1
       0
       0
       0
       0
       0
       0
       0
       0
       0
       0
       0
       0
       0
       0
       0
       0
       0
       0
       0
       0
       0
       0
       0
       0
       0
       0
       1
       0
       0
       0
       0
       0
       0
       0
       0
       0
       0
       0
       0
       0
       0
       0
       0
       0
       0
       0
       0
       0
       0
       0
       0
       0
       0
       1
       0
       0
       0
       0
       0
       0
       0
       0
       0
       0
       0
       0
       0
       0
       0
       0
       0
       0
       0
       0
       0
       0
       0
       0
       0
       0
       0
       0
       0
       0
       0
       0
       0
       0
       0
       1
       1
       0
       0
       0
       0
       0
       0
       0
       0
       0
       0
       0
       0
       0
       0
       0
       0
       0
       1
       0
       0
       0
       0
       0
       1
       0
       0
       0
       0
       0
       0
       0
       0
       0
       0
       0
       0
       1
       0
       0
       0
       0
       0
       0
       0
       0
       1
       1
       0
       0
       0
       0
       1
       0
       0
       0
       0
       0
       0
       0
       0
       1
       0
       0
       1
       0
       0
       0
       0
       0
       0
       0
       0
       0
       0
       0
       1
       0
       0
       0
       0
       0
       0
       0
       0
       0
       0
       0
       0
       1
       0
       0
       0
       0
       0
       0
       0
       0
       0
       0
       0
       0
       0
       0
       0
       0
       0
       0
       1
       0
       0
       0
       0
       0
       1
       0
       0
       1
       0
       0
       0
       0
       0
       0
       0
       0
       1
       0
       0
       0
       0
       1
       0
       0
       1
       1
       1
       1
       0
       0
       0
       1
       0
       0
       0
       0
       0
       0
       1
       0
       0
       1
       0
       0
       0
       1
       1
       1
       0
       1
       3
       1
       1
       0
       2
       1
       2
       0
       1
       1
       3
       2
       4
       2
       0
       0
       0
       0
       0
       0
       0
       0
       0
       0
       0
       0
       0
       0
       0
       0
       0
       0
       0
       0
       0
       0
       0
       0
       0
       0
       0
       0
       0
       0
       0
       0
       0
       0
       0
       0
       0
       0
       0
       0
       0
       0
       0
       0
       0
       0
       0
       0
       0
       0
       0
       0
       0
       0
       0
       0
       0
       0
       0
       0
       0
       0
       0
       0
       0
       0
       0
       0
       0
       0
       0
       0
       0
       0
       0
       0
       0
       0
       0
       0
       0
       0
       0
       0
       0
       0
       0
       0
       0
       0
       0
       0
       0
       0
       0
       0
       0
       0
       0
       0
       0
       0
       0
       0
       0
       0
       0
       0
       0
       0
       0
       0
       0
       0
       0
       0
       0
       0
       0
       0
       0
       0
       0
       0
       0
       0
       0
       0
       0
       0
       0
       0
       0
       0
       0
       0
       0
       0
       0
       0
       0
       0
       0
       0
       0
       0
       0
       0
       0
       0
       0
       0
       0
       0
       0
       0
       0
       0
       0
       0
       0
       0
       0
       0
       0
       0
       0
       0
       0
       0
       0
       0
       0
       0
       0
       0
       0
       0
       0
       0
       0
       0
       0
       0
       0
       0
       0
       0
       0
       0
       0
       0
       0
       0
       0
       0
       0
       0
       0
       0
       0
       0
       0
       0
       0
       0
       0
       0
       0
       0
       0
       0
       0
       0
       0
       0
       0
       0
       0
       0
       0
       0
       0
       0
       0
       0
       0
       0
       0
       0
       0
       0
       0
       0
       0
       0
       0
       0
       0
       0
       0
       0
       0
       0
       0
       0
       0
       0
       0
       0
       0
       0
       0
       0
       0
       0
       0
       0
       0
       0
       0
       0
       0
       0
       0
       0
       0
       0
       0
       0
       0
       0
       0
       0
       0
       0
       0
       0
       0
       0
       0
       0
       0
       0
       0
       0
       0
       0
       0
       0
       0
       0
       0
       0
       0
       0
       0
       0
       0
       0
       0
       0
       0
       0
       0
       0
       0
       0
       0
       0
       0
       0
       0
       0
       0
       0
       0
       0
       0
       0
       0
       0
       0
       0
       0
       0
       0
       0
       0
       0
       0
       0
       0
       0
       0
       0
       0
       0
       0
       0
       0
       0
       0
       0
       0
       0
       0
       0
       0
       0
       0
       0
       0
       0
       0
       0
       0
       0
       0
       0
       0
       0
       0
       0
       0
       0
       0
       0
       0
       0
       0
       0
       0
       0
       0
       0
       0
       0
       0
       0
       0
       0
       0
       0
       0
       0
       0
       0
       0
       0
       0
       0
       0
       0
       0
       0
       0
       0
       0
       0
       0
       0
       0
       0
       0
       0
       0
       0
       0
       0
       0
       0
       0
       0
       0
       0
       0
       0
       0
       0
       0
       0
       0
       0
       0
       0
       0
       0
       0
       0
       0
$ROI:
1
66 2325
$PRESETS:
None
0
0
$ENER_FIT:
0.000000 0.000000
$MCA_CAL:
3
0.000000E+000 0.000000E+000 0.000000E+000 
$SHAPE_CAL:
3
0.000000E+000 0.000000E+000 0.000000E+000
