$SPEC_ID:
Si-400 SVs #637
$SPEC_REM:
DET# 1
DETDESC# 39-GP-NB0025 Model 928 SN 15363939
AP# Maestro Version 7.01
$DATE_MEA:
03/10/2024 02:08:23
$MEAS_TIM:
889 935
$DATA:
0 4095
       0
       0
       0
       0
       0
       0
       4
       9
      79
    2877
  412796
  574212
  256549
  217870
  196711
  179037
  163224
  150025
  137335
  126825
  117189
  109489
  101858
   94566
   87725
   81682
   76143
   70948
   65324
   61289
   56522
   52688
   48906
   44749
   41306
   38253
   35115
   32133
   29667
   27702
   25404
   23408
   21982
   20194
   18804
   17674
   16698
   15853
   14908
   14164
   13533
   13122
   12521
   11949
   11838
   11637
   11496
   11017
   10703
   10732
   10600
   10422
   10397
   10203
   10333
   10256
    9796
   10096
    9992
   10005
    9996
    9949
    9807
    9888
    9956
    9896
   10132
   10040
   10194
   10207
   10090
   10350
   10538
   10487
   10658
   10745
   10715
   10887
   11154
   11318
   11246
   11414
   11603
   11716
   11698
   12066
   12135
   12393
   12475
   12920
   12882
   13006
   13604
   13800
   14261
   14457
   14975
   15257
   15882
   16570
   17503
   18186
   18845
   20264
   21227
   22458
   23910
   25125
   27261
   28365
   30369
   32362
   34387
   36749
   38866
   40711
   43008
   44949
   47327
   49494
   51827
   54163
   56220
   58406
   60153
   61979
   63489
   65444
   66473
   67826
   69295
   69509
   70561
   71027
   71200
   71702
   71510
   71217
   70885
   70113
   70027
   69628
   68419
   67034
   66285
   65163
   63975
   62638
   61091
   59871
   57919
   56545
   54913
   53328
   51580
   49729
   48619
   46988
   44743
   43291
   41861
   40360
   38807
   37470
   35396
   33945
   32439
   31016
   29709
   28314
   26737
   25682
   24609
   23162
   22188
   20592
   20150
   18893
   18093
   16986
   16078
   15308
   14452
   13432
   12881
   12060
   11466
   10663
   10296
    9539
    9014
    8499
    7978
    7650
    6981
    6846
    6401
    5896
    5585
    5321
    4951
    4682
    4429
    4109
    3861
    3674
    3468
    3185
    3028
    2807
    2835
    2622
    2451
    2336
    2188
    2033
    1982
    1958
    1788
    1782
    1670
    1511
    1497
    1439
    1373
    1330
    1286
    1259
    1185
    1168
    1126
    1077
    1013
    1049
    1038
     973
     938
     903
     882
     914
     880
     836
     878
     822
     797
     789
     808
     801
     785
     758
     774
     736
     794
     726
     703
     683
     708
     720
     710
     656
     704
     627
     665
     635
     695
     666
     668
     667
     660
     647
     614
     640
     692
     615
     592
     608
     555
     589
     633
     588
     586
     575
     610
     592
     555
     511
     505
     537
     505
     505
     519
     475
     490
     420
     456
     461
     455
     414
     428
     397
     414
     434
     380
     408
     360
     342
     325
     339
     315
     295
     297
     310
     283
     305
     265
     255
     251
     218
     262
     249
     237
     208
     196
     216
     193
     183
     186
     174
     162
     177
     134
     153
     155
     138
     153
     120
     142
     131
     111
     128
     109
     119
      93
     109
     116
      88
      91
      85
      88
      87
      89
      71
      74
      90
      62
      61
      61
      65
      58
      59
      71
      53
      38
      54
      36
      39
      39
      55
      46
      35
      28
      37
      40
      38
      39
      37
      34
      38
      37
      38
      36
      32
      33
      26
      26
      26
      24
      29
      28
      32
      31
      22
      19
      18
      23
      13
      19
      16
      20
      23
      23
      12
      30
      22
      17
      13
      10
      17
      22
      14
      10
      14
      11
      23
      21
      13
      15
      13
      20
      12
      10
      14
      16
       9
      10
      16
      11
      13
      10
      11
      14
      12
      13
      16
      14
      14
      12
       8
      11
       6
      14
      10
      10
       9
      13
       7
       8
      16
       6
       9
      13
       5
      14
       6
      12
      13
       9
      14
      11
      10
       6
      10
       9
       5
       8
      10
       4
      12
      12
      14
       6
       8
       8
       4
      10
       9
       4
       9
      11
       8
       4
       6
       9
       2
       9
       8
       4
       7
       7
      10
       1
       9
       9
       5
      10
      12
      10
       6
       4
       5
       4
      11
       8
       7
       5
       4
       5
       9
       4
       4
      10
      10
       3
       6
      10
       4
       8
       4
      11
       6
       4
       6
       5
       6
       6
       4
       9
       5
       7
       4
       4
       7
       7
       5
       4
       2
       7
       7
       4
       8
       3
       4
       3
       1
       4
       9
      13
       3
       5
       3
       3
       5
       2
       3
       5
       3
       3
       5
       4
       4
       7
       7
       1
       3
       7
       8
       3
       2
       7
       2
       3
       2
       4
       6
       4
       0
       2
       3
       8
       6
       5
       4
       5
       7
       0
       6
       2
       3
       7
       1
       1
       3
       7
       3
       9
       7
       7
       4
       2
       2
       2
       5
       2
       9
       4
       2
       4
       5
       5
       5
       2
       4
       5
       5
       2
       5
       1
       6
       4
       4
       2
       5
       8
       8
       7
       5
       4
       4
       3
       4
       4
       6
       4
       5
       6
       4
       1
       2
       3
       3
       7
       5
       5
       4
       3
       5
       2
       5
       4
       2
       3
       5
       4
       4
       4
       5
       8
       2
       3
       4
       2
       4
       5
       5
       4
       7
       2
       4
       0
       3
       3
       4
       7
       3
       3
       6
       2
       2
       0
       4
       4
       4
       6
       5
       3
       3
       3
       1
       2
       2
       4
       2
       5
       6
       3
       3
       6
       2
       3
       9
       6
       1
       4
       3
       5
       1
       3
       4
       4
       4
       4
       5
       2
       4
       0
       3
       4
       2
       2
       6
       1
       1
       2
       3
       0
       1
       4
       2
       5
       3
       1
       2
       3
       7
       4
       3
       3
       2
       4
       4
       3
       5
       1
       3
       3
       3
       7
       2
       3
       1
       2
       4
       3
       2
       3
       1
       5
       2
       1
       2
       1
       2
       1
       5
       4
       1
       2
       2
       1
       5
       0
       2
       0
       2
       2
       5
       4
       1
       2
       1
       4
       3
       6
       6
       1
       3
       3
       2
       2
       4
       1
       3
       4
       1
       2
       1
       2
       4
       1
       1
       4
       3
       2
       3
       1
       0
       1
       2
       4
       2
       3
       0
       3
       6
       1
       5
       2
       2
       2
       2
       1
       4
       1
       3
       3
       2
       1
       0
       1
       2
       6
       5
       0
       3
       2
       2
       0
       2
       3
       3
       0
       1
       0
       4
       3
       2
       1
       1
       1
       2
       1
       6
       0
       1
       0
       3
       2
       2
       1
       2
       3
       2
       1
       2
       4
       2
       4
       1
       0
       2
       0
       2
       0
       2
       0
       3
       4
       1
       3
       3
       4
       2
       1
       0
       2
       2
       0
       2
       0
       2
       1
       0
       1
       2
       2
       3
       1
       3
       1
       5
       2
       2
       1
       3
       2
       0
       3
       2
       2
       3
       1
       5
       1
       3
       1
       3
       1
       1
       5
       1
       0
       1
       2
       3
       1
       1
       1
       0
       2
       2
       4
       1
       1
       4
       3
       3
       0
       0
       0
       0
       0
       4
       6
       1
       2
       3
       2
       2
       2
       3
       3
       1
       1
       0
       0
       3
       4
       0
       0
       2
       1
       0
       2
       0
       1
       4
       2
       0
       1
       1
       0
       1
       3
       4
       1
       0
       2
       1
       0
       1
       2
       1
       1
       0
       1
       2
       3
       0
       2
       1
       0
       2
       1
       2
       2
       2
       0
       1
       0
       1
       3
       2
       2
       1
       0
       1
       1
       2
       1
       1
       2
       1
       2
       2
       3
       2
       1
       0
       2
       3
       0
       1
       1
       1
       1
       0
       1
       1
       1
       0
       1
       0
       0
       3
       2
       1
       1
       3
       0
       1
       0
       0
       0
       0
       1
       1
       1
       1
       0
       3
       2
       3
       1
       0
       1
       1
       0
       1
       3
       2
       0
       1
       0
       1
       2
       1
       1
       1
       1
       0
       0
       1
       4
       1
       3
       4
       0
       1
       2
       2
       2
       1
       1
       1
       0
       0
       1
       2
       0
       0
       0
       0
       1
       0
       1
       2
       2
       2
       2
       0
       1
       2
       1
       0
       1
       0
       1
       0
       1
       0
       2
       0
       0
       3
       1
       0
       1
       2
       2
       0
       0
       2
       0
       2
       1
       1
       0
       1
       1
       1
       1
       1
       1
       1
       2
       1
       2
       1
       0
       3
       2
       1
       1
       0
       2
       0
       0
       1
       0
       0
       2
       1
       1
       1
       1
       0
       1
       0
       0
       2
       3
       0
       0
       0
       0
       2
       1
       1
       0
       1
       2
       0
       0
       0
       0
       2
       1
       1
       1
       1
       1
       2
       0
       1
       0
       1
       1
       0
       2
       0
       0
       1
       1
       0
       3
       0
       1
       1
       0
       1
       2
       0
       1
       0
       1
       1
       1
       2
       1
       0
       0
       0
       1
       1
       0
       1
       1
       0
       0
       0
       2
       0
       0
       0
       0
       0
       3
       1
       0
       2
       1
       1
       0
       0
       0
       1
       1
       0
       1
       1
       1
       1
       0
       0
       1
       2
       1
       0
       2
       0
       1
       0
       2
       1
       2
       1
       1
       1
       0
       0
       0
       0
       0
       4
       0
       1
       1
       1
       2
       2
       1
       2
       1
       1
       1
       0
       3
       1
       0
       1
       0
       2
       1
       0
       1
       3
       1
       1
       1
       0
       0
       1
       5
       1
       0
       1
       0
       1
       1
       0
       0
       1
       0
       0
       1
       3
       2
       1
       0
       1
       2
       1
       0
       0
       2
       0
       1
       2
       0
       1
       0
       1
       0
       1
       1
       0
       0
       0
       0
       0
       1
       0
       0
       3
       0
       0
       0
       1
       1
       1
       0
       0
       0
       0
       0
       0
       0
       0
       2
       2
       1
       0
       2
       0
       0
       1
       1
       0
       0
       0
       0
       0
       1
       0
       2
       0
       2
       1
       2
       2
       1
       0
       0
       0
       1
       1
       1
       0
       0
       2
       1
       0
       1
       3
       0
       0
       1
       1
       0
       0
       0
       1
       1
       1
       0
       2
       0
       1
       0
       0
       2
       0
       1
       0
       2
       0
       1
       0
       1
       0
       0
       0
       0
       1
       1
       3
       2
       0
       2
       0
       1
       0
       1
       0
       1
       2
       0
       0
       1
       1
       0
       0
       0
       0
       1
       0
       0
       0
       1
       0
       0
       1
       0
       0
       1
       0
       2
       1
       0
       2
       1
       0
       0
       1
       3
       0
       1
       1
       0
       1
       0
       0
       1
       0
       1
       0
       1
       0
       1
       0
       1
       0
       2
       0
       0
       2
       0
       1
       0
       0
       0
       1
       1
       2
       1
       0
       1
       1
       0
       2
       1
       0
       0
       1
       0
       3
       1
       0
       0
       1
       0
       2
       0
       0
       0
       0
       2
       3
       1
       0
       1
       0
       1
       1
       0
       1
       1
       2
       0
       0
       1
       1
       1
       0
       0
       0
       0
       0
       1
       1
       1
       1
       0
       1
       0
       1
       1
       0
       1
       0
       0
       0
       1
       1
       0
       0
       0
       1
       0
       1
       0
       2
       0
       0
       0
       0
       1
       0
       0
       1
       1
       2
       0
       2
       1
       2
       0
       1
       1
       0
       0
       1
       0
       0
       0
       1
       1
       0
       0
       0
       0
       1
       1
       0
       0
       0
       0
       1
       0
       1
       0
       0
       0
       0
       0
       0
       2
       3
       0
       0
       0
       0
       0
       0
       3
       0
       0
       1
       1
       0
       0
       0
       0
       1
       0
       0
       0
       0
       4
       1
       0
       0
       0
       1
       0
       0
       0
       0
       0
       0
       0
       1
       0
       0
       2
       0
       1
       0
       1
       0
       1
       1
       1
       1
       0
       0
       0
       1
       0
       0
       0
       2
       1
       1
       0
       0
       0
       0
       2
       0
       1
       1
       1
       0
       0
       1
       1
       0
       0
       0
       0
       0
       1
       0
       0
       0
       2
       0
       0
       0
       1
       1
       0
       1
       1
       0
       1
       0
       0
       0
       1
       0
       0
       2
       0
       0
       0
       1
       1
       0
       0
       0
       0
       0
       0
       0
       1
       0
       0
       0
       1
       0
       0
       0
       1
       0
       1
       1
       0
       0
       1
       0
       1
       0
       0
       0
       0
       2
       0
       1
       1
       0
       0
       2
       0
       0
       1
       0
       1
       1
       0
       0
       1
       1
       2
       0
       0
       0
       0
       1
       2
       0
       0
       1
       0
       0
       0
       2
       0
       1
       1
       0
       0
       0
       0
       1
       0
       1
       1
       0
       1
       0
       0
       1
       0
       0
       0
       0
       0
       0
       0
       1
       0
       1
       0
       0
       0
       0
       0
       0
       0
       1
       0
       0
       0
       0
       1
       0
       0
       0
       0
       1
       1
       1
       2
       0
       0
       0
       2
       0
       1
       0
       1
       0
       0
       0
       3
       0
       4
       0
       1
       1
       0
       1
       1
       1
       0
       0
       0
       0
       2
       0
       0
       0
       1
       0
       0
       0
       0
       0
       0
       0
       0
       0
       0
       0
       1
       1
       0
       0
       0
       2
       1
       1
       1
       0
       0
       0
       1
       0
       0
       0
       0
       1
       0
       0
       0
       0
       0
       0
       1
       0
       2
       1
       0
       0
       0
       0
       0
       0
       0
       0
       0
       1
       0
       0
       1
       0
       0
       1
       0
       0
       0
       0
       0
       1
       1
       1
       0
       0
       0
       2
       0
       0
       0
       0
       0
       0
       0
       0
       0
       1
       0
       0
       0
       0
       0
       0
       0
       0
       0
       0
       0
       0
       0
       0
       0
       0
       0
       1
       1
       1
       0
       0
       0
       0
       0
       0
       0
       0
       0
       0
       0
       0
       0
       0
       1
       1
       1
       1
       0
       0
       0
       2
       1
       1
       0
       0
       0
       3
       0
       0
       1
       2
       0
       0
       0
       0
       1
       2
       0
       0
       0
       0
       0
       1
       0
       0
       0
       0
       1
       1
       1
       0
       0
       0
       0
       0
       1
       1
       0
       0
       0
       0
       0
       2
       1
       1
       1
       0
       0
       0
       1
       1
       0
       0
       1
       0
       0
       0
       0
       0
       0
       0
       0
       1
       0
       1
       0
       1
       0
       0
       1
       0
       0
       0
       0
       1
       0
       0
       1
       0
       0
       0
       0
       0
       0
       0
       1
       1
       0
       0
       0
       0
       0
       0
       0
       0
       0
       0
       0
       0
       0
       1
       0
       0
       0
       0
       0
       1
       0
       0
       1
       1
       0
       0
       0
       0
       0
       0
       0
       3
       0
       0
       0
       0
       0
       0
       0
       0
       1
       0
       0
       0
       0
       1
       1
       1
       0
       0
       1
       1
       1
       0
       0
       0
       1
       0
       1
       0
       1
       0
       0
       1
       0
       1
       0
       1
       0
       1
       2
       0
       0
       0
       0
       0
       0
       0
       0
       1
       0
       0
       0
       1
       1
       0
       0
       0
       1
       0
       0
       0
       1
       0
       1
       1
       0
       0
       0
       1
       0
       1
       1
       0
       0
       0
       1
       0
       0
       0
       0
       0
       0
       1
       0
       1
       1
       0
       1
       0
       0
       0
       0
       0
       1
       0
       1
       0
       0
       0
       0
       0
       0
       1
       0
       1
       0
       0
       0
       0
       0
       0
       1
       0
       0
       1
       0
       0
       0
       0
       0
       0
       0
       0
       2
       0
       2
       1
       0
       0
       1
       0
       0
       0
       1
       0
       0
       0
       1
       0
       0
       0
       0
       0
       0
       0
       0
       0
       0
       1
       0
       0
       0
       0
       0
       0
       1
       2
       0
       0
       0
       0
       0
       0
       0
       0
       0
       1
       0
       1
       0
       0
       0
       0
       0
       1
       0
       0
       0
       0
       0
       0
       0
       0
       0
       1
       0
       0
       0
       0
       0
       0
       0
       0
       0
       0
       1
       2
       0
       0
       1
       0
       0
       1
       0
       0
       0
       0
       0
       0
       0
       0
       0
       0
       0
       0
       0
       0
       0
       0
       0
       0
       0
       0
       0
       0
       0
       0
       0
       0
       0
       1
       1
       0
       0
       0
       1
       0
       0
       1
       0
       0
       0
       0
       0
       0
       0
       0
       0
       0
       0
       0
       0
       0
       0
       0
       0
       0
       0
       0
       1
       1
       1
       0
       0
       0
       0
       1
       0
       0
       0
       1
       0
       2
       0
       0
       0
       0
       0
       0
       0
       1
       0
       0
       0
       0
       0
       0
       0
       0
       1
       2
       0
       0
       0
       0
       0
       0
       0
       0
       0
       0
       0
       0
       0
       0
       0
       1
       2
       1
       0
       0
       0
       0
       1
       0
       0
       0
       0
       1
       0
       0
       0
       0
       0
       0
       0
       0
       0
       0
       0
       0
       0
       1
       0
       0
       0
       0
       0
       0
       1
       0
       0
       0
       0
       0
       1
       0
       0
       0
       1
       0
       0
       0
       0
       0
       0
       0
       0
       0
       0
       0
       0
       0
       0
       0
       0
       0
       0
       2
       1
       1
       0
       0
       0
       0
       0
       0
       0
       0
       0
       0
       0
       0
       1
       0
       1
       0
       0
       1
       0
       0
       0
       0
       0
       0
       0
       0
       0
       0
       0
       0
       0
       0
       0
       0
       0
       0
       0
       0
       1
       0
       1
       0
       0
       0
       0
       0
       0
       1
       0
       1
       0
       0
       0
       1
       1
       1
       2
       0
       0
       1
       0
       0
       0
       1
       0
       0
       0
       1
       0
       0
       0
       0
       0
       0
       1
       0
       0
       0
       0
       0
       0
       0
       1
       0
       0
       1
       0
       0
       0
       0
       1
       1
       0
       0
       0
       0
       0
       0
       0
       0
       0
       0
       0
       0
       0
       0
       2
       1
       1
       2
       0
       0
       1
       0
       0
       0
       1
       1
       0
       0
       0
       0
       1
       0
       0
       0
       0
       0
       0
       1
       0
       0
       0
       0
       0
       1
       0
       1
       0
       1
       0
       0
       0
       1
       0
       0
       0
       1
       0
       0
       0
       0
       0
       0
       0
       0
       0
       0
       0
       0
       0
       0
       0
       0
       0
       0
       0
       0
       0
       1
       0
       0
       0
       0
       0
       0
       0
       0
       0
       0
       0
       0
       0
       0
       0
       0
       0
       1
       0
       0
       0
       0
       0
       0
       1
       0
       1
       0
       0
       0
       0
       0
       0
       0
       0
       0
       0
       0
       0
       0
       0
       0
       0
       0
       0
       0
       0
       0
       0
       1
       0
       0
       0
       1
       1
       0
       0
       0
       0
       1
       0
       0
       0
       1
       0
       0
       1
       0
       0
       0
       0
       0
       0
       0
       0
       0
       0
       0
       0
       1
       0
       1
       0
       0
       0
       2
       0
       0
       0
       0
       0
       0
       0
       0
       0
       0
       0
       1
       0
       0
       0
       0
       0
       0
       0
       0
       0
       0
       1
       0
       1
       0
       1
       0
       2
       0
       0
       0
       0
       0
       0
       1
       2
       0
       0
       0
       0
       0
       0
       0
       0
       0
       0
       0
       1
       0
       0
       0
       1
       0
       0
       0
       2
       1
       0
       0
       0
       0
       0
       0
       0
       0
       0
       0
       0
       0
       0
       0
       0
       0
       0
       0
       0
       0
       0
       0
       0
       0
       0
       1
       0
       0
       0
       0
       0
       0
       0
       0
       0
       1
       0
       0
       0
       0
       0
       1
       0
       0
       0
       0
       0
       0
       0
       0
       0
       1
       2
       0
       0
       0
       0
       0
       0
       0
       0
       0
       0
       0
       0
       1
       0
       0
       0
       1
       0
       0
       0
       0
       0
       0
       1
       0
       0
       0
       0
       0
       0
       0
       0
       0
       0
       0
       0
       0
       0
       0
       0
       0
       0
       0
       0
       0
       0
       0
       0
       2
       0
       0
       0
       0
       0
       0
       0
       0
       0
       1
       0
       0
       0
       0
       0
       0
       0
       1
       0
       0
       0
       0
       0
       0
       0
       0
       0
       0
       0
       0
       0
       0
       1
       0
       0
       0
       0
       0
       1
       0
       0
       0
       0
       0
       0
       0
       1
       0
       0
       0
       1
       0
       0
       0
       0
       0
       0
       0
       0
       0
       0
       0
       0
       0
       0
       0
       0
       1
       1
       0
       0
       0
       0
       0
       0
       0
       0
       0
       0
       0
       0
       0
       1
       0
       0
       0
       0
       0
       0
       0
       0
       0
       0
       0
       0
       0
       0
       0
       0
       0
       0
       0
       0
       0
       0
       0
       0
       0
       0
       0
       0
       0
       1
       0
       0
       0
       0
       0
       0
       0
       0
       0
       0
       0
       0
       0
       0
       0
       0
       0
       0
       0
       0
       0
       0
       0
       0
       0
       0
       0
       0
       0
       0
       0
       0
       0
       0
       0
       0
       0
       0
       0
       0
       0
       0
       0
       0
       1
       0
       0
       0
       1
       0
       0
       0
       0
       0
       0
       0
       0
       0
       0
       0
       0
       0
       0
       1
       0
       0
       0
       1
       1
       0
       0
       0
       0
       1
       0
       0
       0
       0
       0
       0
       0
       0
       0
       0
       0
       0
       0
       0
       0
       0
       0
       0
       0
       0
       0
       0
       0
       0
       0
       0
       0
       0
       1
       0
       0
       0
       0
       1
       0
       1
       0
       0
       0
       0
       0
       0
       0
       0
       0
       1
       0
       0
       0
       0
       0
       0
       0
       0
       1
       0
       0
       0
       0
       0
       0
       0
       0
       0
       0
       0
       1
       0
       0
       1
       1
       0
       0
       0
       0
       0
       0
       0
       0
       0
       0
       0
       1
       0
       0
       0
       0
       0
       0
       0
       0
       0
       0
       0
       0
       1
       0
       0
       0
       0
       0
       1
       0
       0
       0
       0
       0
       0
       0
       0
       0
       1
       0
       0
       0
       0
       0
       0
       0
       0
       0
       0
       0
       0
       0
       0
       0
       0
       0
       0
       0
       1
       0
       0
       0
       0
       0
       0
       0
       0
       0
       0
       0
       1
       0
       0
       0
       0
       0
       0
       0
       0
       0
       0
       0
       1
       0
       1
       1
       0
       0
       0
       0
       0
       0
       0
       0
       0
       0
       0
       0
       0
       0
       0
       0
       0
       0
       0
       0
       0
       0
       0
       0
       0
       0
       0
       0
       0
       1
       0
       0
       0
       0
       0
       0
       0
       0
       1
       1
       0
       0
       0
       0
       1
       0
       0
       0
       1
       0
       0
       0
       0
       0
       0
       0
       0
       1
       0
       0
       0
       0
       0
       0
       0
       0
       0
       0
       0
       0
       0
       0
       0
       0
       0
       0
       0
       0
       0
       1
       0
       0
       0
       0
       0
       0
       0
       0
       0
       0
       0
       0
       0
       0
       1
       0
       0
       0
       0
       0
       0
       1
       0
       0
       0
       0
       0
       0
       0
       0
       0
       0
       0
       0
       0
       0
       0
       0
       0
       0
       0
       0
       0
       0
       0
       1
       0
       0
       2
       1
       0
       1
       0
       0
       0
       0
       0
       0
       1
       0
       0
       1
       0
       0
       0
       0
       0
       0
       0
       0
       0
       0
       0
       0
       0
       0
       1
       0
       0
       0
       0
       0
       0
       0
       0
       0
       0
       1
       0
       0
       0
       0
       0
       0
       0
       0
       0
       0
       0
       0
       0
       0
       0
       0
       0
       0
       0
       0
       0
       0
       0
       0
       0
       0
       0
       0
       1
       1
       0
       0
       0
       0
       0
       1
       0
       0
       0
       0
       0
       0
       0
       1
       0
       0
       0
       0
       0
       0
       0
       0
       0
       0
       0
       0
       0
       0
       0
       0
       0
       0
       0
       0
       0
       0
       0
       0
       0
       0
       0
       0
       0
       0
       0
       0
       0
       0
       1
       0
       0
       0
       0
       1
       0
       0
       0
       0
       0
       1
       0
       0
       0
       0
       0
       0
       0
       0
       1
       0
       0
       0
       2
       0
       0
       0
       0
       0
       0
       0
       0
       0
       0
       0
       0
       0
       0
       0
       0
       0
       0
       0
       0
       0
       0
       0
       0
       0
       0
       0
       0
       0
       0
       0
       0
       0
       0
       0
       0
       0
       1
       0
       0
       2
       0
       1
       0
       0
       0
       0
       0
       0
       0
       0
       0
       1
       0
       0
       0
       0
       0
       0
       0
       1
       0
       0
       1
       0
       0
       0
       0
       0
       0
       3
       0
       0
       0
       0
       0
       0
       0
       1
       2
       0
       0
       0
       0
       0
       2
       0
       0
       1
       0
       0
       0
       0
       0
       0
       0
       0
       0
       0
       0
       0
       0
       0
       0
       1
       0
       0
       0
       0
       0
       0
       0
       0
       0
       0
       2
       0
       1
       0
       0
       0
       0
       1
       0
       0
       0
       0
       1
       0
       0
       1
       1
       0
       0
       0
       1
       1
       1
       0
       1
       0
       0
       0
       1
       0
       0
       1
       0
       0
       1
       0
       0
       1
       1
       0
       0
       1
       0
       1
       1
       0
       0
       0
       0
       2
       1
       1
       1
       0
       1
       1
       2
       0
       0
       2
       0
       1
       0
       1
       2
       2
       0
       0
       0
       1
       1
       2
       0
       2
       2
       2
       0
       1
       2
       3
       2
       3
       0
       5
       3
       2
       2
       3
       4
       8
      11
       9
       9
       6
       1
       0
       0
       0
       0
       0
       0
       0
       0
       0
       0
       0
       0
       0
       0
       0
       0
       0
       0
       0
       0
       0
       0
       0
       0
       0
       0
       0
       0
       0
       0
       0
       0
       0
       0
       0
       0
       0
       0
       0
       0
       0
       0
       0
       0
       0
       0
       0
       0
       0
       0
       0
       0
       0
       0
       0
       0
       0
       0
       0
       0
       0
       0
       0
       0
       0
       0
       0
       0
       0
       0
       0
       0
       0
       0
       0
       0
       0
       0
       0
       0
       0
       0
       0
       0
       0
       0
       0
       0
       0
       0
       0
       0
       0
       0
       0
       0
       0
       0
       0
       0
       0
       0
       0
       0
       0
       0
       0
       0
       0
       0
       0
       0
       0
       0
       0
       0
       0
       0
       0
       0
       0
       0
       0
       0
       0
       0
       0
       0
       0
       0
       0
       0
       0
       0
       0
       0
       0
       0
       0
       0
       0
       0
       0
       0
       0
       0
       0
       0
       0
       0
       0
       0
       0
       0
       0
       0
       0
       0
       0
       0
       0
       0
       0
       0
       0
       0
       0
       0
       0
       0
       0
       0
       0
       0
       0
       0
       0
       0
       0
       0
       0
       0
       0
       0
       0
       0
       0
       0
       0
       0
       0
       0
       0
       0
       0
       0
       0
       0
       0
       0
       0
       0
       0
       0
       0
       0
       0
       0
       0
       0
       0
       0
       0
       0
       0
       0
       0
       0
       0
       0
       0
       0
       0
       0
       0
       0
       0
       0
       0
       0
       0
       0
       0
       0
       0
       0
       0
       0
       0
       0
       0
       0
       0
       0
       0
       0
       0
       0
       0
       0
       0
       0
       0
       0
       0
       0
       0
       0
       0
       0
       0
       0
       0
       0
       0
       0
       0
       0
       0
       0
       0
       0
       0
       0
       0
       0
       0
       0
       0
       0
       0
       0
       0
       0
       0
       0
       0
       0
       0
       0
       0
       0
       0
       0
       0
       0
       0
       0
       0
       0
       0
       0
       0
       0
       0
       0
       0
       0
       0
       0
       0
       0
       0
       0
       0
       0
       0
       0
       0
       0
       0
       0
       0
       0
       0
       0
       0
       0
       0
       0
       0
       0
       0
       0
       0
       0
       0
       0
       0
       0
       0
       0
       0
       0
       0
       0
       0
       0
       0
       0
       0
       0
       0
       0
       0
       0
       0
       0
       0
       0
       0
       0
       0
       0
       0
       0
       0
       0
       0
       0
       0
       0
       0
       0
       0
       0
       0
       0
       0
       0
       0
       0
       0
       0
       0
       0
       0
       0
       0
       0
       0
       0
       0
       0
       0
       0
       0
       0
       0
       0
       0
$ROI:
1
66 2325
$PRESETS:
None
0
0
$ENER_FIT:
0.000000 0.000000
$MCA_CAL:
3
0.000000E+000 0.000000E+000 0.000000E+000 
$SHAPE_CAL:
3
0.000000E+000 0.000000E+000 0.000000E+000
