$SPEC_ID:
Si-400 SVs #637
$SPEC_REM:
DET# 1
DETDESC# 39-GP-NB0025 Model 928 SN 15363939
AP# Maestro Version 7.01
$DATE_MEA:
03/10/2024 03:32:13
$MEAS_TIM:
3156 3220
$DATA:
0 4095
       0
       0
       0
       0
       0
       0
       0
       7
      50
    2415
  999294
 1278684
  508084
  417359
  369758
  333435
  303223
  277043
  254690
  235945
  218840
  203339
  189665
  177272
  166436
  155078
  145311
  134209
  124995
  115546
  107893
   98250
   90227
   83529
   76169
   69551
   62860
   57192
   51672
   46795
   42428
   38239
   34472
   30858
   28009
   25086
   22361
   20800
   18777
   16854
   15651
   14338
   13395
   12557
   11645
   10791
   10198
    9749
    9291
    8999
    8534
    8373
    7877
    7683
    7621
    7387
    7071
    6986
    6807
    6772
    6594
    6312
    6308
    6205
    6209
    5996
    6012
    5870
    5726
    5750
    5747
    5686
    5793
    5509
    5650
    5409
    5499
    5496
    5485
    5399
    5436
    5226
    5332
    5282
    5385
    5325
    5242
    5264
    5244
    5262
    5277
    5229
    5048
    5201
    5148
    5230
    5193
    5099
    5169
    5111
    4957
    4958
    5080
    4987
    4904
    4926
    5037
    5017
    5011
    5098
    5033
    4953
    5015
    4934
    4953
    4869
    4835
    5009
    4819
    4827
    5065
    4844
    4887
    4762
    4887
    4767
    4875
    4970
    4821
    4712
    4842
    4893
    4973
    4831
    4855
    4941
    4786
    4887
    4946
    4856
    4954
    5062
    4973
    4889
    4881
    5009
    5045
    5067
    5026
    5078
    5040
    4919
    4988
    5200
    4927
    5068
    5156
    5224
    5208
    5148
    5313
    5264
    5344
    5264
    5434
    5383
    5376
    5417
    5461
    5451
    5457
    5574
    5443
    5457
    5563
    5405
    5426
    5585
    5666
    5721
    5688
    5683
    5653
    5840
    5815
    5719
    5842
    5856
    5909
    6122
    5884
    6219
    6157
    6307
    6080
    6336
    6432
    6543
    6696
    6569
    6789
    7010
    7170
    7335
    7563
    7797
    7881
    8259
    8411
    8569
    9022
    9473
    9744
    9943
   10548
   11083
   11546
   11808
   12478
   13255
   13474
   14352
   14977
   15655
   16171
   17133
   17665
   18504
   19164
   20204
   21046
   21978
   22764
   23813
   24711
   25849
   26674
   27443
   28371
   29426
   30132
   31322
   32436
   33162
   34202
   34932
   36156
   36638
   37425
   38141
   39298
   39917
   40413
   41513
   41958
   42431
   43151
   43840
   44365
   44446
   44584
   44902
   45351
   45329
   45686
   45890
   45763
   45899
   45839
   45421
   45616
   45679
   44973
   45485
   44848
   44396
   44069
   43541
   43235
   42709
   42284
   41403
   40783
   40284
   40005
   39269
   38711
   37567
   36944
   36249
   35446
   34755
   33786
   33521
   32489
   31835
   30912
   30251
   29495
   28768
   27808
   27179
   26225
   25464
   24728
   24340
   23132
   22483
   21670
   21000
   20071
   19627
   18916
   18072
   17460
   17146
   16339
   15821
   15278
   14634
   14082
   13271
   13029
   12474
   11914
   11451
   10972
   10405
   10156
    9513
    9182
    8873
    8623
    7915
    7535
    7280
    7038
    6806
    6328
    6020
    5833
    5440
    5243
    4887
    4634
    4474
    4286
    4007
    3973
    3681
    3398
    3259
    3044
    2946
    2763
    2667
    2444
    2239
    2230
    2212
    2047
    1932
    1810
    1726
    1685
    1568
    1471
    1438
    1325
    1250
    1130
    1057
    1017
    1006
     908
     884
     874
     802
     753
     666
     669
     657
     583
     556
     529
     511
     485
     425
     432
     413
     402
     383
     391
     309
     325
     318
     245
     255
     254
     260
     231
     226
     214
     217
     201
     181
     151
     179
     171
     182
     161
     156
     167
     130
     138
     140
     119
     135
     121
     104
     110
     141
     111
     127
     115
     131
     110
     115
     112
     112
     111
     109
     113
     110
      92
      85
     121
     109
     117
      99
      81
     101
      96
      80
      88
      96
     101
      94
      98
     100
      87
      97
      98
      81
     102
      96
      93
      96
      92
     107
     107
     102
     104
      87
     104
      88
      98
      93
      93
      93
      77
     100
      95
      89
      98
      84
      94
      85
      98
      90
     104
     112
      89
      96
      97
      74
     109
      87
      93
     119
     107
      95
      92
      89
      86
      74
      86
      89
     103
      82
      94
      90
      88
      91
      86
      87
     103
      88
     101
      95
      93
      88
      95
      85
      66
     101
      85
      73
      67
      86
      83
      79
      88
      76
      76
      94
      99
      95
      80
      96
      74
      76
      87
      88
      83
      83
      76
      77
      71
      77
      75
      92
      85
      80
      68
      64
      68
      69
      72
      59
      65
      71
      63
      64
      65
      67
      64
      59
      49
      65
      65
      60
      51
      54
      61
      54
      41
      48
      45
      46
      80
      55
      51
      49
      48
      43
      52
      52
      42
      36
      43
      44
      34
      38
      40
      34
      45
      33
      42
      45
      33
      34
      37
      39
      31
      37
      27
      29
      40
      30
      34
      37
      25
      24
      23
      20
      28
      26
      23
      23
      15
      33
      23
      20
      27
      20
      11
      30
      20
      19
      21
      16
      16
      12
      17
      15
      15
      17
       9
      13
      18
      10
      15
      19
      13
      15
       8
      10
      11
      16
       7
      11
      19
      11
      15
      11
      12
      13
      13
       7
       7
       6
       8
       7
      14
      10
       7
       7
      10
       8
       9
      10
       7
       4
       7
       8
      11
       4
       8
       7
       9
       3
      10
       3
       4
       5
       5
       9
       7
       7
       6
       7
       8
       5
       6
       5
       7
       4
      11
       4
      11
       7
       8
       6
       5
       4
       5
       3
       5
       8
       3
       5
       4
       5
       6
       7
       3
       4
       4
       4
       6
       5
       1
      12
      10
       9
       2
       5
       5
       7
       6
       9
       9
       2
       3
      16
       7
       5
       8
       2
       6
       2
       7
       2
       3
       5
       6
       4
       3
       2
       4
       5
       5
       3
       5
       4
       5
       4
       9
       4
       4
       6
       1
       3
       6
       8
       7
       4
       4
       3
       2
       5
       4
       9
       7
       4
       3
       4
       4
       6
       3
       5
       3
       4
       2
       5
       4
       5
       2
       6
       1
       4
       5
       4
       3
       3
       4
       2
       5
       1
       1
       8
       2
       4
       3
       1
       2
       9
       3
       2
       4
       5
       2
       3
       3
       3
       2
       3
       4
       3
       3
       3
       5
       6
       4
       1
       1
       2
       5
       3
       5
       5
       3
       5
       4
       1
       5
       2
       2
       2
       2
       3
       2
       2
       3
       2
       5
       3
       4
       4
       3
       2
       3
       1
       4
       5
       3
       4
       0
       3
       3
       0
       4
       4
       2
       4
       5
       3
       2
       4
       0
       5
       2
       2
       2
       3
       2
       1
       3
       2
       3
       4
       4
       2
       2
       1
       4
       1
       5
       1
       2
       2
       1
       2
       5
       1
       3
       1
       1
       2
       3
       4
       0
       4
       0
       2
       1
       5
       1
       2
       1
       5
       4
       2
       1
       6
       4
       1
       3
       6
       6
       1
       4
       6
       3
       3
       0
       4
       0
       0
       3
       3
       6
       4
       1
       3
       0
       5
       2
       2
       3
       2
       0
       2
       2
       0
       2
       2
       2
       2
       1
       2
       2
       2
       0
       1
       0
       0
       2
       1
       1
       2
       0
       0
       0
       2
       1
       1
       1
       3
       6
       3
       1
       1
       0
       2
       1
       1
       3
       0
       3
       3
       3
       2
       5
       1
       5
       1
       2
       6
       1
       1
       1
       3
       2
       3
       4
       2
       2
       0
       3
       0
       1
       3
       2
       2
       2
       0
       0
       6
       3
       1
       2
       1
       1
       1
       2
       0
       3
       1
       0
       1
       0
       1
       2
       3
       3
       4
       1
       0
       1
       1
       1
       0
       2
       2
       0
       2
       3
       0
       1
       1
       2
       1
       2
       4
       2
       2
       1
       2
       3
       1
       2
       1
       3
       1
       1
       3
       0
       0
       1
       1
       5
       1
       0
       1
       3
       1
       1
       1
       1
       0
       1
       1
       0
       0
       2
       3
       1
       1
       1
       2
       1
       2
       0
       1
       3
       2
       2
       2
       1
       2
       1
       2
       1
       2
       1
       2
       3
       0
       2
       0
       1
       1
       1
       2
       0
       0
       0
       2
       3
       0
       0
       2
       1
       2
       1
       4
       1
       3
       1
       1
       2
       2
       1
       1
       1
       0
       1
       3
       1
       1
       0
       1
       2
       3
       1
       1
       3
       1
       1
       1
       3
       2
       1
       2
       0
       2
       0
       4
       1
       0
       2
       0
       5
       1
       1
       2
       0
       3
       1
       1
       2
       2
       1
       2
       2
       2
       3
       0
       2
       4
       2
       1
       1
       1
       1
       0
       2
       0
       0
       1
       2
       3
       1
       1
       0
       1
       2
       1
       2
       2
       1
       2
       1
       4
       0
       1
       1
       1
       0
       3
       2
       2
       1
       1
       3
       2
       1
       1
       1
       1
       1
       0
       2
       2
       0
       1
       1
       2
       2
       2
       0
       0
       0
       0
       2
       1
       1
       2
       4
       2
       1
       0
       0
       0
       1
       2
       3
       0
       2
       1
       1
       2
       1
       3
       2
       1
       1
       1
       1
       0
       1
       3
       0
       0
       0
       0
       1
       1
       1
       1
       2
       0
       1
       3
       0
       0
       1
       1
       0
       1
       0
       0
       0
       1
       1
       0
       1
       2
       1
       0
       1
       0
       3
       2
       2
       1
       0
       1
       1
       2
       1
       0
       0
       4
       0
       0
       0
       4
       1
       0
       0
       6
       2
       2
       0
       3
       2
       0
       0
       2
       2
       4
       2
       2
       1
       1
       2
       1
       3
       1
       0
       1
       0
       0
       0
       1
       0
       1
       1
       1
       0
       1
       2
       1
       0
       2
       0
       1
       0
       2
       1
       2
       1
       0
       0
       1
       0
       1
       2
       0
       1
       0
       2
       1
       0
       1
       1
       1
       0
       1
       0
       1
       4
       2
       1
       2
       2
       0
       1
       2
       0
       1
       0
       0
       0
       0
       3
       2
       1
       1
       2
       0
       0
       0
       0
       1
       1
       0
       0
       0
       0
       1
       2
       1
       1
       0
       2
       1
       1
       1
       2
       0
       0
       2
       0
       1
       0
       0
       1
       1
       2
       1
       1
       0
       3
       0
       0
       0
       0
       1
       1
       0
       0
       0
       0
       2
       1
       2
       0
       0
       0
       0
       2
       1
       0
       1
       1
       0
       0
       2
       0
       1
       0
       2
       2
       0
       0
       1
       1
       1
       1
       0
       0
       0
       3
       1
       0
       1
       1
       0
       1
       1
       3
       1
       1
       0
       0
       1
       0
       1
       3
       3
       3
       0
       0
       1
       0
       1
       1
       3
       0
       1
       1
       2
       1
       0
       1
       1
       0
       3
       0
       1
       1
       3
       1
       0
       0
       1
       0
       2
       0
       2
       1
       1
       2
       0
       1
       1
       0
       3
       0
       0
       3
       1
       2
       1
       0
       0
       2
       3
       1
       1
       2
       1
       1
       2
       3
       1
       1
       1
       1
       0
       2
       2
       0
       2
       1
       1
       1
       0
       1
       0
       1
       0
       1
       2
       1
       0
       0
       0
       0
       1
       0
       2
       1
       1
       1
       0
       1
       0
       1
       2
       1
       0
       0
       0
       1
       2
       1
       2
       0
       0
       1
       1
       1
       2
       0
       1
       0
       0
       0
       0
       2
       0
       1
       1
       0
       0
       0
       2
       1
       0
       1
       1
       0
       0
       1
       0
       0
       2
       0
       0
       0
       1
       0
       0
       0
       1
       0
       1
       0
       0
       1
       0
       0
       0
       0
       0
       0
       0
       0
       1
       1
       1
       1
       1
       1
       0
       1
       0
       0
       0
       2
       0
       1
       2
       0
       0
       0
       0
       0
       1
       1
       2
       0
       0
       2
       0
       3
       0
       1
       0
       0
       0
       2
       0
       0
       0
       0
       1
       1
       0
       0
       0
       2
       1
       0
       0
       1
       2
       0
       0
       1
       2
       0
       1
       1
       1
       0
       1
       0
       0
       1
       2
       0
       1
       0
       1
       0
       1
       0
       0
       1
       1
       1
       0
       0
       2
       1
       1
       0
       1
       0
       1
       0
       1
       1
       0
       0
       1
       1
       0
       0
       0
       0
       1
       3
       0
       2
       1
       0
       1
       1
       0
       0
       0
       2
       0
       0
       1
       1
       1
       0
       1
       0
       0
       0
       0
       2
       0
       2
       0
       0
       0
       0
       1
       0
       2
       0
       0
       0
       0
       1
       2
       0
       1
       0
       0
       0
       0
       0
       0
       1
       0
       0
       0
       0
       0
       0
       1
       0
       1
       3
       2
       0
       0
       0
       1
       1
       1
       0
       0
       2
       1
       0
       1
       0
       0
       0
       1
       1
       1
       0
       0
       0
       0
       1
       2
       1
       0
       0
       1
       0
       1
       1
       1
       2
       1
       2
       2
       0
       2
       0
       1
       0
       0
       0
       1
       1
       1
       1
       1
       2
       0
       0
       0
       0
       1
       0
       1
       0
       0
       1
       1
       0
       0
       1
       2
       2
       1
       1
       0
       1
       0
       0
       0
       0
       0
       1
       0
       1
       0
       0
       1
       0
       1
       1
       1
       0
       0
       1
       0
       1
       2
       1
       2
       1
       1
       1
       2
       0
       0
       3
       1
       2
       0
       1
       0
       3
       1
       1
       1
       1
       1
       0
       1
       0
       0
       1
       1
       0
       0
       1
       1
       2
       0
       0
       0
       0
       2
       0
       1
       0
       0
       0
       1
       1
       0
       0
       1
       0
       0
       2
       0
       0
       0
       0
       2
       0
       0
       1
       0
       0
       0
       0
       0
       0
       1
       0
       1
       0
       1
       1
       0
       0
       1
       0
       0
       0
       0
       1
       1
       0
       1
       0
       1
       0
       1
       0
       0
       0
       1
       0
       1
       2
       1
       0
       0
       1
       1
       0
       2
       1
       2
       0
       0
       1
       1
       1
       0
       0
       0
       1
       2
       2
       1
       0
       0
       3
       0
       0
       1
       0
       0
       0
       0
       0
       0
       0
       2
       1
       1
       0
       1
       3
       1
       0
       0
       2
       0
       0
       0
       0
       0
       0
       0
       2
       1
       1
       1
       0
       0
       0
       1
       0
       1
       0
       0
       0
       0
       1
       0
       0
       0
       0
       0
       0
       0
       1
       0
       0
       0
       1
       1
       1
       1
       1
       1
       0
       0
       1
       1
       0
       1
       0
       0
       1
       0
       0
       0
       0
       0
       1
       1
       2
       0
       1
       1
       2
       0
       0
       0
       2
       0
       0
       0
       1
       1
       0
       1
       1
       0
       0
       0
       0
       0
       2
       2
       0
       1
       0
       0
       1
       1
       0
       1
       0
       0
       1
       1
       1
       0
       0
       0
       0
       0
       0
       0
       0
       1
       1
       0
       0
       1
       0
       0
       0
       0
       0
       0
       0
       1
       0
       1
       1
       1
       0
       1
       1
       0
       1
       0
       0
       0
       0
       1
       1
       0
       0
       1
       0
       1
       0
       0
       0
       1
       0
       0
       0
       0
       0
       0
       1
       0
       0
       0
       0
       1
       0
       0
       1
       0
       0
       0
       0
       2
       0
       1
       0
       0
       0
       0
       0
       0
       0
       0
       0
       0
       0
       0
       1
       0
       1
       0
       0
       1
       0
       0
       0
       0
       0
       0
       0
       0
       0
       0
       0
       0
       0
       1
       1
       1
       0
       0
       0
       0
       0
       0
       0
       0
       0
       0
       0
       0
       0
       0
       1
       0
       0
       0
       1
       0
       0
       0
       0
       0
       0
       0
       0
       0
       0
       1
       0
       0
       0
       0
       0
       0
       0
       0
       0
       1
       0
       0
       0
       2
       0
       0
       0
       1
       0
       0
       0
       0
       0
       0
       0
       0
       1
       0
       0
       1
       1
       0
       0
       2
       0
       0
       0
       0
       0
       0
       0
       0
       0
       0
       0
       0
       0
       0
       0
       1
       0
       2
       0
       1
       0
       1
       0
       1
       0
       0
       0
       0
       0
       2
       0
       0
       0
       0
       0
       0
       1
       1
       0
       0
       0
       0
       0
       0
       2
       0
       0
       0
       0
       0
       0
       0
       0
       0
       0
       0
       0
       0
       0
       1
       1
       0
       0
       0
       0
       0
       1
       0
       1
       0
       0
       0
       1
       0
       0
       1
       1
       0
       1
       0
       0
       1
       1
       0
       0
       0
       0
       0
       1
       0
       0
       0
       0
       0
       0
       0
       1
       0
       0
       0
       2
       0
       0
       0
       0
       1
       0
       0
       0
       0
       0
       0
       0
       0
       0
       0
       0
       0
       0
       0
       0
       0
       0
       1
       0
       0
       1
       0
       0
       0
       0
       0
       1
       0
       0
       0
       0
       0
       0
       0
       0
       0
       0
       1
       0
       0
       0
       1
       1
       1
       1
       0
       0
       0
       0
       1
       1
       1
       1
       0
       1
       0
       0
       0
       0
       1
       1
       0
       0
       0
       2
       0
       1
       0
       0
       1
       1
       1
       1
       0
       0
       0
       0
       1
       0
       0
       0
       0
       0
       0
       0
       1
       0
       0
       1
       0
       0
       0
       0
       0
       0
       0
       0
       0
       1
       0
       0
       0
       1
       2
       0
       0
       0
       0
       0
       0
       0
       0
       0
       0
       0
       0
       0
       0
       1
       0
       0
       0
       0
       0
       0
       0
       1
       1
       0
       0
       1
       0
       0
       0
       0
       0
       0
       0
       0
       1
       0
       0
       0
       0
       0
       1
       0
       0
       0
       0
       0
       1
       1
       0
       0
       1
       0
       1
       0
       0
       0
       1
       0
       0
       1
       1
       0
       2
       0
       0
       1
       0
       0
       0
       0
       0
       0
       0
       0
       0
       1
       1
       0
       0
       0
       1
       1
       0
       0
       0
       1
       1
       1
       0
       0
       0
       0
       0
       0
       0
       1
       0
       0
       0
       0
       0
       0
       1
       0
       0
       1
       0
       1
       0
       0
       0
       0
       1
       0
       0
       0
       1
       0
       1
       0
       0
       0
       0
       0
       1
       1
       0
       0
       0
       0
       0
       0
       0
       1
       0
       0
       0
       0
       0
       0
       0
       1
       0
       0
       0
       0
       0
       1
       0
       1
       0
       0
       0
       0
       0
       0
       0
       0
       0
       0
       0
       0
       0
       1
       1
       0
       1
       0
       0
       0
       0
       0
       1
       0
       0
       0
       1
       0
       0
       0
       0
       0
       2
       0
       1
       0
       0
       1
       0
       0
       1
       0
       1
       0
       0
       0
       0
       0
       0
       0
       0
       1
       0
       0
       0
       0
       1
       0
       0
       0
       0
       0
       1
       1
       0
       0
       0
       0
       0
       0
       0
       0
       0
       0
       0
       0
       0
       0
       0
       0
       0
       0
       0
       0
       0
       1
       0
       0
       0
       0
       1
       1
       0
       0
       0
       0
       0
       0
       0
       0
       0
       0
       0
       0
       1
       0
       0
       0
       0
       0
       0
       0
       1
       1
       0
       0
       0
       2
       0
       0
       0
       0
       0
       0
       0
       0
       0
       0
       0
       0
       0
       0
       0
       0
       0
       0
       0
       1
       0
       0
       0
       0
       0
       1
       0
       0
       1
       0
       0
       0
       0
       1
       0
       0
       0
       0
       0
       0
       0
       0
       0
       0
       0
       0
       1
       0
       0
       1
       0
       0
       0
       0
       1
       0
       0
       0
       0
       0
       0
       0
       0
       0
       0
       0
       0
       0
       0
       0
       0
       0
       0
       0
       0
       0
       0
       0
       0
       0
       0
       1
       0
       0
       1
       0
       0
       0
       0
       0
       0
       0
       0
       0
       1
       0
       0
       0
       0
       0
       0
       1
       2
       0
       0
       0
       1
       0
       0
       0
       0
       0
       0
       1
       0
       0
       0
       1
       0
       0
       0
       1
       0
       0
       0
       0
       0
       0
       0
       0
       0
       0
       0
       0
       1
       0
       0
       0
       0
       0
       1
       0
       0
       0
       0
       0
       0
       0
       0
       0
       1
       0
       0
       0
       0
       0
       0
       0
       0
       0
       1
       0
       0
       0
       0
       0
       0
       0
       0
       0
       0
       0
       0
       0
       0
       0
       0
       1
       1
       0
       0
       0
       0
       0
       0
       2
       0
       0
       0
       0
       0
       0
       0
       0
       1
       0
       0
       0
       0
       0
       0
       1
       0
       0
       0
       1
       0
       0
       0
       0
       0
       0
       0
       0
       0
       0
       0
       0
       0
       0
       0
       0
       1
       1
       1
       0
       0
       0
       0
       0
       0
       0
       0
       0
       0
       0
       1
       0
       0
       0
       0
       0
       0
       0
       0
       0
       0
       0
       0
       0
       0
       0
       0
       0
       0
       0
       0
       0
       1
       0
       0
       1
       0
       0
       0
       0
       0
       0
       1
       0
       0
       0
       0
       0
       0
       1
       0
       0
       0
       1
       0
       0
       0
       0
       0
       0
       0
       0
       0
       0
       0
       0
       0
       0
       0
       0
       0
       0
       1
       0
       0
       0
       0
       1
       0
       1
       0
       0
       0
       1
       0
       0
       0
       0
       0
       0
       0
       0
       0
       0
       0
       0
       0
       0
       1
       0
       0
       0
       0
       0
       0
       0
       1
       0
       0
       0
       0
       1
       0
       0
       0
       0
       0
       0
       0
       0
       1
       1
       0
       0
       0
       0
       0
       0
       0
       0
       0
       0
       0
       0
       0
       0
       0
       0
       0
       0
       0
       0
       0
       0
       0
       0
       0
       1
       1
       0
       0
       1
       0
       0
       0
       0
       0
       0
       0
       1
       1
       0
       0
       0
       0
       0
       0
       0
       0
       1
       0
       0
       0
       1
       0
       0
       0
       0
       0
       0
       0
       1
       0
       0
       1
       0
       0
       0
       1
       0
       0
       0
       0
       0
       0
       0
       0
       0
       0
       0
       0
       0
       0
       0
       0
       0
       1
       1
       0
       0
       0
       0
       0
       0
       0
       0
       0
       0
       0
       0
       0
       0
       0
       0
       0
       0
       0
       1
       0
       1
       0
       0
       0
       0
       0
       0
       0
       0
       0
       0
       0
       0
       0
       0
       0
       0
       0
       0
       0
       0
       0
       0
       0
       0
       0
       0
       0
       1
       0
       0
       0
       0
       0
       0
       0
       0
       0
       0
       0
       0
       0
       0
       0
       1
       0
       0
       0
       0
       0
       0
       0
       1
       0
       0
       0
       0
       0
       0
       0
       0
       0
       0
       0
       0
       0
       0
       0
       0
       1
       0
       0
       0
       0
       0
       0
       0
       0
       0
       0
       0
       0
       1
       0
       0
       0
       0
       0
       0
       0
       0
       0
       1
       0
       0
       0
       0
       0
       1
       0
       1
       0
       0
       0
       0
       0
       0
       0
       0
       0
       0
       0
       1
       0
       0
       0
       0
       0
       0
       0
       0
       1
       0
       0
       0
       0
       0
       0
       0
       0
       0
       0
       0
       0
       0
       0
       0
       0
       0
       0
       0
       0
       0
       0
       0
       0
       0
       0
       1
       0
       0
       0
       0
       0
       0
       1
       0
       0
       0
       0
       0
       0
       0
       0
       0
       1
       0
       0
       0
       0
       1
       0
       0
       0
       0
       0
       0
       0
       0
       1
       0
       0
       0
       0
       1
       1
       0
       0
       0
       1
       0
       0
       0
       0
       0
       0
       1
       0
       0
       0
       0
       0
       1
       0
       0
       0
       0
       0
       0
       0
       0
       0
       0
       0
       0
       0
       1
       0
       0
       0
       0
       0
       0
       0
       0
       0
       0
       0
       0
       0
       0
       0
       0
       0
       0
       0
       0
       1
       0
       0
       0
       0
       0
       1
       1
       1
       0
       0
       0
       0
       0
       0
       0
       0
       1
       0
       0
       0
       0
       1
       0
       0
       0
       0
       0
       0
       0
       0
       0
       0
       0
       0
       0
       0
       0
       1
       1
       1
       0
       0
       0
       0
       0
       0
       0
       0
       0
       0
       0
       0
       0
       0
       0
       0
       0
       1
       0
       0
       0
       0
       1
       0
       0
       0
       0
       0
       0
       1
       0
       0
       0
       0
       0
       0
       0
       0
       0
       1
       1
       1
       1
       1
       0
       0
       0
       2
       0
       0
       1
       0
       0
       1
       0
       0
       1
       0
       0
       0
       0
       0
       0
       2
       1
       0
       0
       0
       0
       0
       0
       0
       1
       0
       0
       0
       0
       0
       0
       0
       0
       2
       0
       0
       1
       0
       0
       1
       0
       0
       1
       0
       1
       1
       0
       0
       1
       0
       0
       0
       1
       0
       0
       0
       0
       0
       0
       0
       0
       0
       0
       0
       0
       0
       2
       1
       0
       1
       0
       2
       0
       1
       0
       0
       0
       0
       1
       0
       1
       3
       1
       1
       1
       1
       0
       1
       0
       0
       1
       0
       0
       0
       0
       0
       4
       1
       0
       0
       1
       0
       1
       0
       0
       1
       1
       0
       0
       1
       1
       0
       1
       3
       0
       1
       1
       1
       0
       0
       1
       0
       1
       0
       1
       1
       0
       1
       2
       2
       0
       1
       3
       3
       2
       1
       1
       0
       1
       3
       2
       2
       1
       2
       1
       4
       1
       1
       1
       3
       5
       8
       7
       9
       9
       9
       5
       6
       8
       5
       3
       1
       6
       5
       2
       0
       0
       0
       0
       0
       0
       0
       0
       0
       0
       0
       0
       0
       0
       0
       0
       0
       0
       0
       0
       0
       0
       0
       0
       0
       0
       0
       0
       0
       0
       0
       0
       0
       0
       0
       0
       0
       0
       0
       0
       0
       0
       0
       0
       0
       0
       0
       0
       0
       0
       0
       0
       0
       0
       0
       0
       0
       0
       0
       0
       0
       0
       0
       0
       0
       0
       0
       0
       0
       0
       0
       0
       0
       0
       0
       0
       0
       0
       0
       0
       0
       0
       0
       0
       0
       0
       0
       0
       0
       0
       0
       0
       0
       0
       0
       0
       0
       0
       0
       0
       0
       0
       0
       0
       0
       0
       0
       0
       0
       0
       0
       0
       0
       0
       0
       0
       0
       0
       0
       0
       0
       0
       0
       0
       0
       0
       0
       0
       0
       0
       0
       0
       0
       0
       0
       0
       0
       0
       0
       0
       0
       0
       0
       0
       0
       0
       0
       0
       0
       0
       0
       0
       0
       0
       0
       0
       0
       0
       0
       0
       0
       0
       0
       0
       0
       0
       0
       0
       0
       0
       0
       0
       0
       0
       0
       0
       0
       0
       0
       0
       0
       0
       0
       0
       0
       0
       0
       0
       0
       0
       0
       0
       0
       0
       0
       0
       0
       0
       0
       0
       0
       0
       0
       0
       0
       0
       0
       0
       0
       0
       0
       0
       0
       0
       0
       0
       0
       0
       0
       0
       0
       0
       0
       0
       0
       0
       0
       0
       0
       0
       0
       0
       0
       0
       0
       0
       0
       0
       0
       0
       0
       0
       0
       0
       0
       0
       0
       0
       0
       0
       0
       0
       0
       0
       0
       0
       0
       0
       0
       0
       0
       0
       0
       0
       0
       0
       0
       0
       0
       0
       0
       0
       0
       0
       0
       0
       0
       0
       0
       0
       0
       0
       0
       0
       0
       0
       0
       0
       0
       0
       0
       0
       0
       0
       0
       0
       0
       0
       0
       0
       0
       0
       0
       0
       0
       0
       0
       0
       0
       0
       0
       0
       0
       0
       0
       0
       0
       0
       0
       0
       0
       0
       0
       0
       0
       0
       0
       0
       0
       0
       0
       0
       0
       0
       0
       0
       0
       0
       0
       0
       0
       0
       0
       0
       0
       0
       0
       0
       0
       0
       0
       0
       0
       0
       0
       0
       0
       0
       0
       0
       0
       0
       0
       0
       0
       0
       0
       0
       0
       0
       0
       0
       0
       0
       0
       0
       0
       0
       0
       0
       0
       0
       0
       0
       0
       0
       0
       0
       0
       0
       0
       0
       0
       0
       0
       0
       0
       0
       0
       0
       0
       0
       0
       0
       0
       0
       0
       0
       0
       0
       0
       0
       0
$ROI:
1
66 2325
$PRESETS:
None
0
0
$ENER_FIT:
0.000000 0.000000
$MCA_CAL:
3
0.000000E+000 0.000000E+000 0.000000E+000 
$SHAPE_CAL:
3
0.000000E+000 0.000000E+000 0.000000E+000
