$SPEC_ID:
Si-400 SVs #637
$SPEC_REM:
DET# 1
DETDESC# 39-GP-NB0025 Model 928 SN 15363939
AP# Maestro Version 7.01
$DATE_MEA:
03/09/2024 22:59:27
$MEAS_TIM:
1378 1423
$DATA:
0 4095
       0
       0
       0
       0
       4
       7
       8
      15
      45
    7692
 1690350
 1294347
  768262
  623300
  514041
  426216
  360768
  319661
  286833
  245494
  188681
  125567
   75284
   54670
   45560
   39145
   34019
   29512
   26138
   23525
   20897
   19238
   17574
   16465
   14999
   14209
   13309
   12710
   11723
   11211
   10877
   10299
    9955
    9219
    9127
    8723
    8361
    7960
    7798
    7444
    7113
    7019
    6675
    6572
    6162
    5945
    5930
    5757
    5469
    5388
    5342
    5052
    4988
    4780
    4810
    4730
    4600
    4506
    4426
    4315
    4223
    4252
    4317
    4158
    4190
    3929
    3997
    3984
    3921
    3933
    3999
    3942
    3976
    3964
    3896
    3809
    3778
    3966
    3678
    3784
    3750
    3682
    3634
    3626
    3564
    3599
    3516
    3533
    3549
    3439
    3288
    3454
    3403
    3291
    3251
    3190
    3180
    3140
    3145
    3098
    3132
    3035
    2921
    2996
    2997
    2914
    2757
    2708
    2845
    2801
    2648
    2695
    2658
    2638
    2573
    2505
    2569
    2514
    2419
    2446
    2356
    2366
    2395
    2268
    2311
    2291
    2246
    2253
    2210
    2139
    2201
    2099
    2092
    2104
    2050
    2015
    1985
    1961
    1888
    1962
    1895
    1794
    1850
    1829
    1840
    1816
    1763
    1767
    1769
    1765
    1715
    1741
    1620
    1532
    1672
    1600
    1637
    1622
    1538
    1602
    1543
    1527
    1591
    1494
    1432
    1480
    1462
    1410
    1406
    1379
    1405
    1453
    1477
    1398
    1400
    1363
    1330
    1330
    1398
    1333
    1358
    1297
    1305
    1258
    1363
    1243
    1216
    1294
    1238
    1136
    1226
    1210
    1177
    1176
    1196
    1222
    1227
    1164
    1212
    1144
    1180
    1128
    1181
    1122
    1117
    1146
    1137
    1172
    1156
    1113
    1102
    1149
    1076
    1074
    1048
    1093
    1019
    1069
    1013
    1093
    1042
    1108
    1070
    1111
    1096
    1024
    1073
    1086
    1042
    1053
    1090
    1022
    1036
    1034
    1026
    1016
    1032
    1001
    1050
    1057
    1017
     961
    1007
     982
    1006
    1000
    1027
    1004
     991
     970
    1061
     935
     947
    1011
    1007
    1003
     999
    1046
     984
     988
     942
    1020
    1021
     990
     961
    1053
     985
     998
    1054
    1028
    1096
    1014
    1005
    1006
     993
    1018
    1037
    1051
     981
    1037
    1079
    1041
    1002
    1004
     980
    1000
    1001
     987
     999
    1070
    1011
    1030
     997
    1026
    1018
    1022
     991
    1054
    1000
    1045
    1061
    1016
    1039
    1077
    1040
    1064
    1083
    1107
    1116
    1120
    1124
    1114
    1126
    1145
    1199
    1120
    1111
    1153
    1204
    1178
    1194
    1171
    1173
    1237
    1201
    1231
    1215
    1260
    1310
    1251
    1312
    1275
    1313
    1331
    1341
    1391
    1424
    1360
    1406
    1515
    1497
    1471
    1496
    1563
    1580
    1548
    1543
    1603
    1665
    1606
    1621
    1728
    1695
    1681
    1779
    1827
    1743
    1703
    1768
    1777
    1827
    1781
    1894
    1864
    1830
    1956
    1895
    1998
    2061
    2032
    2047
    1994
    2090
    2102
    2054
    2078
    2167
    2176
    2124
    2115
    2159
    2201
    2182
    2230
    2209
    2274
    2259
    2299
    2303
    2275
    2295
    2371
    2381
    2389
    2360
    2464
    2372
    2465
    2338
    2509
    2391
    2374
    2436
    2448
    2409
    2486
    2568
    2595
    2485
    2530
    2588
    2579
    2540
    2543
    2525
    2543
    2548
    2530
    2568
    2647
    2579
    2631
    2562
    2579
    2604
    2681
    2631
    2585
    2669
    2587
    2582
    2562
    2690
    2679
    2656
    2605
    2650
    2686
    2677
    2672
    2639
    2755
    2716
    2628
    2553
    2663
    2687
    2663
    2722
    2663
    2763
    2760
    2741
    2686
    2598
    2687
    2737
    2694
    2855
    2751
    2717
    2726
    2762
    2741
    2761
    2814
    2788
    2618
    2800
    2729
    2815
    2833
    2662
    2782
    2766
    2743
    2837
    2772
    2740
    2817
    2700
    2729
    2695
    2696
    2680
    2620
    2660
    2735
    2720
    2652
    2679
    2679
    2660
    2647
    2631
    2522
    2604
    2627
    2647
    2574
    2554
    2485
    2372
    2550
    2608
    2491
    2549
    2373
    2444
    2542
    2380
    2449
    2382
    2412
    2364
    2416
    2399
    2307
    2376
    2357
    2271
    2337
    2333
    2325
    2219
    2288
    2317
    2278
    2218
    2195
    2153
    2263
    2209
    2281
    2192
    2157
    2254
    2136
    2200
    2152
    2108
    2111
    2109
    2082
    2064
    2012
    2161
    2132
    2029
    2033
    2060
    2062
    2006
    2004
    2077
    2002
    2090
    2030
    2054
    2033
    2036
    2026
    2019
    1925
    1901
    1951
    1910
    1915
    1991
    1893
    1891
    1856
    1794
    1923
    1849
    1853
    1857
    1900
    1884
    1871
    1825
    1910
    1808
    1749
    1724
    1790
    1771
    1754
    1750
    1727
    1762
    1776
    1743
    1735
    1752
    1733
    1703
    1698
    1676
    1673
    1701
    1663
    1643
    1669
    1689
    1705
    1671
    1607
    1707
    1694
    1642
    1663
    1590
    1582
    1550
    1598
    1608
    1635
    1557
    1548
    1594
    1605
    1568
    1554
    1517
    1518
    1523
    1535
    1631
    1477
    1506
    1584
    1484
    1499
    1543
    1479
    1427
    1472
    1447
    1459
    1516
    1447
    1546
    1411
    1495
    1419
    1383
    1406
    1476
    1392
    1434
    1418
    1389
    1451
    1372
    1347
    1460
    1364
    1385
    1345
    1430
    1373
    1431
    1305
    1302
    1308
    1277
    1324
    1303
    1329
    1279
    1287
    1264
    1348
    1292
    1276
    1271
    1292
    1289
    1283
    1229
    1265
    1257
    1187
    1283
    1315
    1245
    1280
    1218
    1240
    1253
    1260
    1198
    1185
    1170
    1190
    1210
    1192
    1184
    1169
    1221
    1171
    1196
    1132
    1181
    1120
    1144
    1102
    1150
    1140
    1159
    1147
    1120
    1094
    1124
    1093
    1083
    1099
    1129
    1124
    1079
    1075
    1053
    1103
    1086
    1076
    1081
    1027
    1014
     978
    1086
    1012
    1065
    1016
     979
    1011
    1023
     996
    1027
     975
    1050
    1037
    1049
     972
    1019
    1023
    1006
     973
     997
    1050
     972
     900
     926
     985
     989
     985
     975
     942
     970
     961
     916
     958
     927
     939
     901
     896
     899
     912
     868
     942
     919
     905
     922
     935
     824
     940
     863
     954
     898
     916
     849
     914
     856
     836
     850
     913
     860
     848
     872
     856
     811
     848
     896
     820
     844
     824
     836
     781
     850
     858
     846
     811
     830
     828
     817
     779
     805
     836
     834
     796
     797
     811
     765
     807
     858
     799
     767
     744
     808
     777
     811
     803
     782
     739
     741
     719
     745
     691
     765
     783
     758
     736
     744
     724
     705
     739
     720
     732
     732
     714
     768
     679
     731
     733
     699
     681
     726
     721
     655
     715
     692
     745
     668
     717
     706
     647
     641
     698
     643
     707
     683
     736
     661
     681
     641
     704
     652
     680
     680
     621
     652
     605
     621
     655
     653
     640
     635
     658
     655
     616
     638
     616
     677
     630
     652
     612
     636
     661
     609
     611
     613
     636
     621
     585
     618
     618
     572
     629
     575
     577
     551
     583
     593
     573
     605
     636
     566
     608
     560
     580
     615
     578
     578
     604
     600
     589
     582
     555
     552
     573
     564
     556
     574
     535
     536
     584
     505
     585
     578
     516
     528
     578
     540
     568
     515
     524
     501
     519
     509
     496
     565
     521
     496
     538
     494
     538
     533
     503
     511
     513
     497
     530
     492
     502
     529
     568
     512
     503
     473
     512
     498
     506
     480
     492
     501
     488
     493
     460
     468
     452
     510
     468
     471
     517
     489
     499
     482
     484
     452
     475
     448
     471
     422
     502
     501
     470
     449
     459
     426
     480
     454
     468
     498
     473
     424
     476
     433
     441
     443
     430
     420
     396
     447
     480
     453
     426
     451
     433
     434
     436
     433
     499
     411
     443
     432
     424
     410
     452
     427
     475
     412
     424
     423
     400
     425
     413
     391
     417
     384
     380
     408
     396
     436
     384
     427
     412
     431
     397
     388
     431
     370
     395
     415
     392
     436
     378
     413
     394
     372
     422
     377
     398
     362
     390
     421
     384
     390
     401
     374
     388
     390
     372
     380
     373
     369
     382
     395
     352
     369
     376
     383
     377
     358
     382
     346
     382
     372
     389
     367
     379
     380
     351
     375
     345
     335
     379
     359
     340
     338
     359
     388
     365
     371
     342
     369
     351
     348
     353
     362
     310
     344
     329
     358
     341
     367
     336
     328
     312
     354
     353
     301
     316
     317
     355
     330
     344
     324
     313
     331
     339
     334
     287
     358
     348
     292
     341
     310
     298
     314
     328
     315
     298
     325
     306
     319
     297
     313
     343
     318
     312
     303
     323
     302
     319
     322
     298
     291
     329
     284
     311
     342
     314
     306
     316
     292
     282
     308
     292
     272
     295
     279
     305
     283
     308
     304
     259
     276
     284
     303
     289
     286
     294
     283
     291
     293
     278
     295
     296
     315
     297
     312
     261
     308
     280
     294
     259
     285
     298
     256
     263
     273
     261
     282
     286
     265
     254
     278
     275
     284
     311
     293
     250
     268
     266
     243
     285
     281
     261
     270
     257
     264
     258
     249
     233
     253
     254
     266
     257
     261
     259
     257
     274
     270
     242
     250
     254
     275
     238
     255
     254
     238
     249
     262
     239
     252
     261
     238
     237
     259
     264
     277
     260
     216
     225
     253
     247
     279
     244
     228
     240
     258
     233
     253
     242
     251
     228
     242
     257
     246
     231
     242
     236
     229
     219
     222
     214
     255
     226
     213
     200
     276
     232
     207
     223
     202
     224
     244
     238
     246
     235
     260
     249
     232
     256
     231
     222
     223
     253
     221
     213
     251
     230
     225
     227
     220
     238
     233
     234
     241
     249
     221
     213
     208
     223
     197
     246
     211
     219
     231
     224
     236
     215
     213
     216
     223
     233
     248
     213
     204
     185
     206
     210
     250
     220
     206
     196
     208
     210
     219
     214
     221
     234
     199
     195
     199
     190
     207
     214
     229
     194
     226
     217
     177
     223
     209
     243
     203
     213
     212
     227
     200
     199
     194
     225
     221
     205
     205
     201
     231
     175
     203
     205
     194
     194
     194
     183
     216
     209
     194
     188
     188
     188
     210
     195
     197
     177
     206
     201
     198
     195
     198
     225
     181
     215
     208
     174
     218
     212
     203
     190
     200
     186
     188
     197
     191
     180
     195
     215
     166
     190
     172
     200
     200
     204
     171
     221
     199
     199
     203
     182
     182
     182
     207
     185
     200
     185
     187
     188
     191
     170
     167
     190
     173
     179
     185
     170
     183
     182
     176
     168
     184
     193
     153
     182
     171
     173
     160
     186
     193
     181
     190
     200
     163
     159
     175
     181
     144
     185
     177
     181
     178
     173
     178
     181
     179
     189
     197
     152
     154
     181
     168
     162
     175
     182
     180
     191
     170
     180
     180
     161
     195
     169
     151
     179
     170
     182
     168
     179
     151
     168
     170
     197
     187
     151
     162
     188
     148
     173
     159
     161
     153
     161
     166
     144
     166
     155
     167
     156
     182
     140
     169
     154
     181
     145
     176
     170
     165
     139
     163
     192
     166
     152
     153
     144
     165
     156
     155
     149
     164
     157
     162
     171
     148
     145
     151
     169
     136
     166
     164
     179
     164
     175
     144
     148
     151
     164
     155
     140
     139
     165
     132
     166
     146
     146
     146
     152
     169
     169
     183
     160
     149
     154
     138
     143
     152
     155
     152
     164
     171
     142
     147
     164
     159
     150
     156
     146
     153
     148
     148
     144
     152
     146
     134
     150
     140
     125
     143
     157
     140
     142
     175
     157
     136
     147
     125
     167
     130
     137
     150
     160
     137
     127
     137
     144
     165
     166
     152
     147
     133
     138
     160
     156
     146
     118
     148
     148
     136
     160
     144
     128
     119
     146
     140
     145
     157
     136
     154
     150
     168
     150
     156
     130
     123
     153
     128
     139
     137
     146
     141
     123
     126
     131
     124
     129
     149
     119
     135
     129
     135
     136
     156
     120
     132
     116
     127
     140
     151
     127
     130
     120
     147
     148
     150
     130
     142
     143
     121
     132
     106
     112
     144
     112
     107
     116
     129
     124
     146
     142
     136
     137
     137
     141
     137
     131
     144
     133
     126
     128
     147
     136
     128
     133
     108
     131
     127
     146
     138
     127
     131
     120
     135
     122
     120
     126
     126
     126
     125
     161
     153
     128
     145
     115
     161
     125
     125
     122
     154
     141
     152
     137
     124
     130
     126
     134
     138
     127
     132
     107
     130
     118
     127
     133
     111
     134
     121
     136
     135
     155
     147
     127
     113
     138
     130
     129
     142
     125
     125
     140
     152
     135
     129
     105
     118
     108
     128
     128
     130
     113
     123
     104
     122
     112
     117
     144
     123
     134
     125
     167
     131
     152
     132
     125
     130
     118
     118
     117
     137
     142
     126
     144
     112
     136
     115
     134
     125
     122
     126
     115
     120
     140
     125
     137
     133
     132
     137
     133
     110
     149
     125
     128
     131
     145
     130
     124
     147
     128
     156
     126
     101
     147
     132
     118
     141
     121
     129
     126
     116
     129
     114
     114
     144
     134
     143
     132
     126
      99
     137
     125
     116
     117
     129
     128
     124
     108
     124
     113
     109
     126
     124
     128
     123
     122
     140
     136
     125
     119
     142
     133
     121
     123
     153
     122
     121
     117
     113
     126
     145
     132
     139
     125
     125
     114
     134
     114
     126
     121
     121
     116
     118
     123
     123
     133
     123
     134
     103
     145
     147
     129
     108
     137
     124
     129
     113
     124
     124
     132
     110
     143
     139
     137
     120
     127
     130
     145
     120
     127
     119
     115
     108
     138
     119
     132
     128
     135
     100
     136
     123
     116
     106
     102
     111
     116
     107
     114
     132
     109
     117
     118
     103
     108
     101
     115
     115
     122
     105
     107
     118
     122
     125
     127
     130
     109
     116
     131
     122
     109
     123
     102
     111
     118
     120
     119
     113
     115
     129
      92
     119
     111
     102
     116
     111
     109
     121
     115
     131
     100
     115
     112
     107
     115
     114
     119
     114
      91
     114
      93
     101
     102
     111
     122
     127
     113
     108
     103
     107
     102
      99
      95
     121
     111
     110
     105
     107
     121
      90
      98
      98
     103
     120
     104
     107
      94
      89
      98
      99
      96
     107
     109
      93
     105
      94
     122
      96
      98
     112
     107
     107
     115
      99
      83
      88
     101
      99
      74
      88
     110
      88
      91
      89
      98
      84
      78
      95
      98
      80
     104
      98
      94
      92
      90
      89
      96
      89
      81
      96
      97
      95
      81
      91
      77
      84
      78
      85
      82
      92
     101
      81
      87
      84
      71
      74
      66
      77
      99
      72
      81
     100
      93
      79
      84
      67
      76
      73
      76
      81
      65
      68
      70
      81
      36
      76
      78
      59
      57
      47
      60
      63
      59
      62
      50
      47
      39
      41
      54
      40
      45
      49
      38
      40
      44
      46
      41
      54
      36
      35
      32
      38
      33
      38
      37
      29
      35
      29
      28
      26
      30
      24
      29
      28
      34
      17
      33
      20
      25
      17
      19
      27
      17
      24
      15
      17
      21
       7
      17
      22
      12
      15
      16
      12
      16
       4
      11
      18
       8
      10
      14
       9
       4
       8
       9
      13
       9
      12
       4
       5
       6
       6
       4
       7
       7
       5
       5
       7
       3
       6
       3
       3
       7
       7
       5
       4
       3
       6
       1
       3
       2
       4
       0
       4
       2
       0
       1
       2
       1
       0
       1
       1
       2
       3
       1
       1
       2
       1
       1
       0
       4
       0
       3
       0
       3
       3
       2
       0
       0
       0
       2
       0
       3
       1
       0
       2
       1
       2
       0
       1
       0
       0
       1
       0
       0
       0
       1
       0
       1
       1
       1
       1
       0
       1
       1
       0
       3
       1
       0
       0
       0
       1
       0
       3
       1
       0
       2
       1
       1
       1
       0
       2
       0
       2
       2
       0
       0
       1
       0
       1
       0
       0
       0
       0
       0
       0
       2
       1
       0
       1
       0
       4
       1
       2
       0
       0
       2
       0
       2
       1
       0
       0
       1
       0
       0
       1
       0
       1
       1
       1
       2
       1
       0
       0
       0
       0
       1
       1
       0
       0
       1
       1
       3
       0
       0
       2
       1
       1
       1
       1
       0
       1
       2
       1
       1
       0
       1
       3
       0
       1
       0
       0
       1
       4
       0
       0
       1
       2
       1
       1
       1
       0
       0
       0
       0
       0
       0
       0
       0
       0
       0
       0
       1
       0
       0
       1
       0
       0
       0
       0
       0
       0
       0
       0
       0
       0
       0
       0
       0
       0
       0
       0
       0
       1
       0
       0
       0
       0
       0
       1
       1
       0
       1
       1
       0
       0
       0
       0
       0
       0
       0
       0
       0
       0
       1
       0
       1
       3
       2
       0
       1
       1
       0
       1
       1
       2
       0
       0
       1
       2
       0
       1
       0
       0
       2
       2
       1
       1
       1
       0
       1
       1
       2
       2
       0
       0
       0
       2
       1
       0
       1
       0
       0
       0
       1
       1
       1
       0
       1
       0
       0
       0
       0
       0
       0
       0
       1
       0
       1
       0
       0
       0
       0
       0
       0
       2
       1
       1
       1
       1
       0
       0
       2
       1
       0
       1
       0
       0
       0
       1
       0
       0
       2
       0
       0
       0
       0
       1
       0
       1
       0
       0
       0
       0
       0
       0
       0
       1
       1
       0
       1
       0
       0
       1
       1
       0
       0
       0
       0
       0
       1
       0
       0
       3
       1
       0
       0
       1
       0
       0
       1
       1
       0
       0
       0
       1
       1
       0
       0
       0
       1
       0
       0
       0
       0
       0
       1
       0
       0
       0
       1
       0
       1
       2
       0
       0
       0
       1
       0
       1
       1
       0
       0
       0
       1
       0
       0
       1
       0
       1
       0
       0
       0
       0
       0
       0
       0
       0
       0
       0
       2
       0
       0
       2
       0
       0
       0
       0
       0
       0
       1
       0
       1
       1
       0
       0
       0
       0
       0
       0
       0
       0
       0
       1
       1
       0
       0
       1
       0
       1
       0
       0
       0
       0
       3
       0
       0
       0
       0
       0
       1
       1
       0
       2
       0
       0
       1
       1
       2
       1
       2
       1
       0
       0
       0
       1
       0
       0
       1
       1
       0
       1
       1
       0
       0
       0
       0
       0
       0
       0
       0
       0
       0
       0
       0
       0
       0
       2
       0
       0
       0
       0
       0
       1
       0
       0
       0
       0
       0
       0
       1
       1
       0
       1
       0
       0
       0
       0
       0
       0
       0
       0
       0
       1
       0
       0
       0
       0
       0
       0
       1
       0
       0
       1
       0
       0
       0
       0
       1
       1
       0
       0
       0
       0
       0
       0
       0
       0
       0
       0
       0
       1
       0
       0
       0
       0
       0
       0
       0
       1
       0
       1
       0
       0
       0
       0
       0
       0
       0
       0
       0
       0
       0
       0
       0
       0
       1
       0
       0
       0
       0
       0
       1
       0
       0
       1
       0
       0
       0
       1
       0
       2
       0
       0
       0
       1
       0
       0
       0
       0
       0
       0
       0
       1
       0
       0
       0
       0
       0
       0
       0
       0
       0
       1
       0
       0
       0
       1
       0
       0
       0
       0
       1
       0
       0
       0
       0
       0
       0
       0
       2
       1
       0
       0
       0
       0
       0
       0
       0
       0
       1
       0
       0
       0
       1
       0
       1
       0
       0
       1
       0
       0
       0
       0
       0
       1
       0
       1
       0
       0
       0
       0
       0
       0
       0
       0
       1
       0
       0
       0
       0
       0
       0
       0
       0
       0
       0
       0
       0
       0
       0
       0
       0
       0
       0
       0
       2
       0
       0
       1
       0
       0
       0
       0
       0
       0
       1
       0
       0
       0
       0
       1
       0
       0
       0
       2
       1
       0
       0
       0
       0
       0
       0
       0
       0
       0
       0
       0
       0
       1
       0
       0
       0
       0
       0
       0
       0
       0
       0
       0
       0
       0
       2
       0
       0
       0
       0
       0
       0
       0
       0
       0
       0
       0
       1
       0
       0
       0
       0
       1
       0
       0
       0
       0
       1
       0
       0
       1
       0
       1
       1
       0
       0
       0
       1
       0
       0
       0
       0
       0
       1
       0
       0
       0
       1
       0
       0
       0
       0
       0
       0
       0
       1
       0
       0
       0
       0
       1
       0
       0
       0
       0
       0
       1
       1
       0
       0
       0
       1
       0
       0
       0
       0
       0
       0
       1
       0
       0
       0
       0
       0
       0
       0
       1
       0
       0
       0
       1
       0
       0
       0
       0
       0
       0
       1
       0
       0
       0
       0
       0
       0
       1
       1
       0
       0
       0
       0
       0
       0
       0
       0
       0
       0
       0
       0
       0
       1
       0
       0
       0
       0
       0
       0
       0
       0
       0
       0
       0
       0
       0
       0
       0
       2
       0
       0
       0
       0
       0
       0
       0
       0
       0
       0
       1
       0
       0
       0
       0
       0
       1
       0
       0
       0
       0
       0
       0
       0
       0
       0
       0
       0
       0
       1
       0
       0
       0
       0
       0
       0
       0
       0
       0
       0
       1
       0
       0
       0
       0
       0
       0
       0
       0
       0
       0
       0
       0
       0
       0
       1
       0
       0
       0
       0
       0
       0
       0
       0
       0
       0
       0
       0
       0
       0
       0
       0
       0
       0
       0
       1
       0
       0
       1
       0
       0
       0
       1
       0
       0
       0
       0
       0
       0
       0
       0
       0
       0
       0
       0
       0
       0
       0
       0
       0
       0
       1
       0
       0
       0
       2
       0
       0
       1
       0
       0
       0
       0
       0
       1
       0
       0
       0
       0
       0
       0
       0
       0
       0
       0
       0
       0
       0
       0
       0
       0
       0
       0
       0
       0
       0
       0
       0
       0
       0
       0
       0
       0
       0
       0
       0
       0
       0
       0
       0
       0
       0
       0
       0
       0
       0
       0
       0
       0
       0
       0
       1
       0
       0
       0
       0
       0
       0
       1
       0
       0
       0
       1
       0
       0
       0
       0
       0
       0
       0
       0
       0
       0
       0
       0
       1
       0
       0
       0
       0
       0
       0
       0
       0
       0
       1
       0
       0
       0
       0
       1
       0
       0
       0
       0
       0
       0
       0
       0
       0
       0
       1
       0
       0
       0
       0
       0
       0
       0
       0
       1
       0
       0
       1
       0
       0
       0
       0
       0
       0
       0
       0
       0
       0
       0
       0
       0
       0
       0
       0
       0
       0
       0
       0
       0
       0
       0
       1
       0
       0
       0
       0
       0
       0
       0
       0
       0
       0
       0
       0
       0
       0
       0
       0
       0
       0
       0
       0
       0
       0
       0
       0
       0
       0
       0
       0
       0
       0
       0
       0
       0
       0
       0
       0
       0
       0
       0
       0
       0
       0
       0
       0
       0
       0
       0
       0
       0
       1
       1
       0
       0
       0
       0
       0
       1
       0
       1
       1
       0
       0
       0
       0
       0
       0
       0
       0
       0
       0
       0
       0
       0
       0
       0
       1
       0
       0
       0
       0
       0
       1
       0
       0
       0
       0
       0
       0
       0
       0
       0
       0
       0
       0
       0
       0
       0
       0
       0
       0
       0
       0
       0
       0
       0
       0
       0
       0
       0
       0
       0
       0
       0
       0
       0
       0
       0
       0
       0
       0
       0
       0
       0
       0
       0
       0
       0
       0
       0
       0
       0
       0
       0
       1
       0
       0
       0
       0
       0
       0
       0
       0
       0
       0
       0
       0
       0
       0
       1
       0
       0
       0
       0
       0
       1
       0
       0
       0
       0
       0
       0
       0
       0
       0
       0
       0
       0
       0
       0
       0
       0
       0
       0
       0
       0
       0
       0
       0
       0
       0
       0
       0
       0
       0
       0
       0
       0
       0
       0
       0
       0
       0
       0
       0
       0
       0
       0
       0
       0
       0
       0
       0
       0
       0
       0
       1
       0
       0
       0
       0
       0
       0
       0
       0
       0
       0
       0
       0
       0
       0
       0
       0
       0
       0
       0
       0
       0
       0
       0
       0
       0
       0
       0
       0
       0
       0
       0
       0
       0
       0
       0
       0
       0
       0
       0
       0
       0
       1
       0
       0
       0
       0
       0
       0
       0
       1
       0
       0
       1
       0
       0
       0
       0
       0
       0
       0
       0
       0
       0
       0
       0
       0
       0
       0
       0
       0
       0
       0
       0
       0
       0
       0
       0
       0
       0
       0
       0
       0
       0
       0
       0
       0
       0
       0
       1
       0
       0
       0
       0
       0
       0
       0
       0
       0
       0
       0
       0
       0
       0
       0
       0
       0
       0
       1
       0
       0
       0
       0
       0
       0
       0
       0
       0
       0
       0
       0
       0
       0
       0
       0
       0
       1
       0
       0
       0
       0
       0
       0
       0
       0
       0
       0
       0
       0
       0
       0
       0
       0
       0
       0
       0
       0
       0
       0
       0
       1
       0
       0
       0
       0
       0
       0
       0
       0
       0
       0
       0
       1
       0
       1
       0
       0
       0
       0
       0
       0
       0
       0
       0
       0
       0
       0
       0
       0
       0
       0
       0
       0
       0
       0
       0
       1
       0
       0
       0
       0
       1
       0
       0
       0
       0
       0
       0
       0
       0
       0
       0
       0
       0
       0
       0
       0
       0
       0
       0
       0
       0
       0
       0
       0
       1
       0
       0
       0
       0
       0
       0
       0
       0
       0
       0
       0
       0
       0
       0
       0
       0
       0
       0
       0
       0
       0
       0
       0
       0
       0
       0
       0
       0
       0
       0
       0
       0
       1
       0
       0
       0
       1
       0
       0
       1
       0
       0
       0
       0
       0
       0
       0
       0
       0
       0
       0
       0
       0
       1
       0
       0
       0
       0
       0
       0
       0
       1
       0
       0
       0
       0
       1
       1
       0
       0
       0
       0
       0
       0
       0
       0
       0
       0
       0
       0
       0
       0
       0
       0
       0
       0
       0
       1
       0
       0
       0
       1
       0
       0
       0
       0
       0
       0
       0
       0
       0
       0
       0
       1
       0
       1
       0
       0
       0
       1
       1
       0
       1
       0
       0
       0
       1
       0
       1
       0
       0
       0
       0
       1
       3
       0
       0
       0
       0
       0
       0
       0
       0
       0
       0
       0
       0
       0
       0
       0
       0
       0
       0
       0
       0
       0
       0
       0
       0
       0
       0
       0
       0
       0
       0
       0
       0
       0
       0
       0
       0
       0
       0
       0
       0
       0
       0
       0
       0
       0
       0
       0
       0
       0
       0
       0
       0
       0
       0
       0
       0
       0
       0
       0
       0
       0
       0
       0
       0
       0
       0
       0
       0
       0
       0
       0
       0
       0
       0
       0
       0
       0
       0
       0
       0
       0
       0
       0
       0
       0
       0
       0
       0
       0
       0
       0
       0
       0
       0
       0
       0
       0
       0
       0
       0
       0
       0
       0
       0
       0
       0
       0
       0
       0
       0
       0
       0
       0
       0
       0
       0
       0
       0
       0
       0
       0
       0
       0
       0
       0
       0
       0
       0
       0
       0
       0
       0
       0
       0
       0
       0
       0
       0
       0
       0
       0
       0
       0
       0
       0
       0
       0
       0
       0
       0
       0
       0
       0
       0
       0
       0
       0
       0
       0
       0
       0
       0
       0
       0
       0
       0
       0
       0
       0
       0
       0
       0
       0
       0
       0
       0
       0
       0
       0
       0
       0
       0
       0
       0
       0
       0
       0
       0
       0
       0
       0
       0
       0
       0
       0
       0
       0
       0
       0
       0
       0
       0
       0
       0
       0
       0
       0
       0
       0
       0
       0
       0
       0
       0
       0
       0
       0
       0
       0
       0
       0
       0
       0
       0
       0
       0
       0
       0
       0
       0
       0
       0
       0
       0
       0
       0
       0
       0
       0
       0
       0
       0
       0
       0
       0
       0
       0
       0
       0
       0
       0
       0
       0
       0
       0
       0
       0
       0
       0
       0
       0
       0
       0
       0
       0
       0
       0
       0
       0
       0
       0
       0
       0
       0
       0
       0
       0
       0
       0
       0
       0
       0
       0
       0
       0
       0
       0
       0
       0
       0
       0
       0
       0
       0
       0
       0
       0
       0
       0
       0
       0
       0
       0
       0
       0
       0
       0
       0
       0
       0
       0
       0
       0
       0
       0
       0
       0
       0
       0
       0
       0
       0
       0
       0
$ROI:
1
176 2325
$PRESETS:
None
0
0
$ENER_FIT:
0.000000 0.000000
$MCA_CAL:
3
0.000000E+000 0.000000E+000 0.000000E+000 
$SHAPE_CAL:
3
0.000000E+000 0.000000E+000 0.000000E+000
