$SPEC_ID:
Si-400 SVs #637
$SPEC_REM:
DET# 1
DETDESC# 39-GP-NB0025 Model 928 SN 15363939
AP# Maestro Version 7.01
$DATE_MEA:
03/09/2024 22:04:58
$MEAS_TIM:
410 469
$DATA:
0 4095
       0
       0
       0
       0
      40
      66
      80
     168
     322
    8357
 1503785
 1258163
  804051
  685014
  599277
  526499
  462186
  407808
  359493
  312339
  263424
  215271
  172572
  139892
  117978
  101788
   88618
   77110
   66904
   57921
   51798
   44898
   40541
   36252
   32254
   29393
   26824
   24372
   22713
   20847
   19630
   18218
   17175
   16171
   15074
   14246
   13764
   12954
   12442
   11767
   11323
   11111
   10536
   10031
    9821
    9528
    9167
    8924
    8761
    8198
    8097
    7897
    7678
    7533
    7504
    7188
    7053
    6952
    6817
    6719
    6627
    6453
    6507
    6385
    6277
    6200
    6228
    6035
    6092
    6061
    6037
    5881
    5928
    5799
    5745
    5797
    5701
    5731
    5610
    5528
    5517
    5512
    5411
    5297
    5481
    5331
    5223
    5172
    5192
    5275
    5048
    5151
    5074
    4945
    4897
    4821
    4878
    4687
    4665
    4625
    4572
    4601
    4697
    4446
    4461
    4384
    4335
    4290
    4252
    4195
    3991
    4056
    4040
    3886
    3968
    3800
    3743
    3884
    3628
    3776
    3614
    3608
    3703
    3533
    3503
    3507
    3443
    3372
    3245
    3284
    3264
    3294
    3189
    3096
    3175
    3056
    3002
    3080
    2894
    3028
    2914
    2902
    2926
    2856
    2811
    2718
    2758
    2768
    2693
    2749
    2712
    2561
    2640
    2568
    2580
    2571
    2578
    2549
    2513
    2483
    2421
    2397
    2401
    2402
    2362
    2335
    2389
    2327
    2285
    2233
    2156
    2270
    2179
    2272
    2160
    2147
    2126
    2214
    2141
    2152
    2050
    2061
    2102
    2054
    1990
    2140
    2143
    1999
    2029
    1977
    1950
    2036
    1987
    1960
    1981
    1926
    1921
    2014
    1954
    1926
    1996
    1886
    1879
    1849
    1964
    1896
    1810
    1974
    1867
    1808
    1859
    1872
    1881
    1769
    1814
    1755
    1840
    1766
    1818
    1794
    1797
    1725
    1893
    1763
    1758
    1788
    1732
    1801
    1814
    1764
    1737
    1767
    1776
    1681
    1705
    1791
    1669
    1716
    1809
    1735
    1694
    1802
    1763
    1702
    1740
    1724
    1682
    1715
    1734
    1692
    1736
    1733
    1712
    1828
    1631
    1735
    1686
    1712
    1772
    1751
    1682
    1774
    1714
    1676
    1727
    1709
    1691
    1746
    1716
    1786
    1818
    1736
    1688
    1862
    1733
    1674
    1764
    1748
    1664
    1812
    1703
    1692
    1718
    1797
    1680
    1720
    1794
    1745
    1728
    1808
    1757
    1824
    1730
    1888
    1806
    1808
    1833
    1810
    1771
    1904
    1827
    1838
    1909
    1905
    1900
    1920
    1907
    1850
    1904
    1997
    1957
    1961
    1945
    1922
    1998
    2025
    2106
    2044
    2031
    2054
    2090
    2062
    2067
    2122
    2125
    2176
    2208
    2304
    2223
    2179
    2282
    2384
    2329
    2308
    2362
    2390
    2374
    2459
    2503
    2540
    2483
    2528
    2520
    2576
    2605
    2678
    2645
    2720
    2673
    2723
    2714
    2795
    2810
    2836
    2881
    2867
    2858
    2965
    2893
    3121
    3032
    3109
    3175
    3133
    3126
    3133
    3237
    3122
    3271
    3285
    3319
    3349
    3377
    3423
    3484
    3469
    3522
    3436
    3444
    3574
    3513
    3451
    3575
    3601
    3488
    3665
    3739
    3703
    3717
    3742
    3766
    3750
    3805
    3813
    3765
    3782
    3825
    3882
    3840
    3811
    3902
    3898
    3829
    3985
    3886
    4045
    3990
    3918
    4182
    3885
    4072
    3966
    4065
    3997
    4032
    4024
    4019
    4107
    4160
    3978
    4093
    4056
    4118
    4102
    4258
    4112
    4032
    4199
    4102
    4159
    4116
    4122
    4288
    4141
    4092
    4106
    4161
    4113
    4216
    4188
    4137
    4239
    4196
    4197
    4289
    4262
    4325
    4242
    4286
    4360
    4160
    4289
    4260
    4188
    4266
    4108
    4136
    4293
    4296
    4260
    4342
    4238
    4438
    4226
    4259
    4327
    4472
    4190
    4316
    4174
    4347
    4153
    4319
    4260
    4364
    4169
    4361
    4144
    4207
    4291
    4288
    4161
    4065
    4227
    4155
    4094
    4196
    4181
    4121
    4230
    4120
    4170
    3999
    4053
    4057
    4067
    4045
    3992
    4009
    4013
    3974
    3939
    3908
    3981
    3985
    3838
    3836
    3891
    3827
    3685
    3719
    3856
    3765
    3692
    3680
    3810
    3671
    3678
    3676
    3640
    3578
    3544
    3479
    3580
    3564
    3590
    3464
    3601
    3565
    3446
    3503
    3449
    3446
    3385
    3353
    3340
    3384
    3350
    3413
    3321
    3418
    3458
    3256
    3220
    3240
    3167
    3309
    3317
    3294
    3260
    3173
    3138
    3127
    3161
    3111
    3162
    3132
    3133
    3157
    3078
    3210
    3005
    3148
    3072
    3030
    3057
    2990
    2975
    2977
    3037
    2894
    3026
    2895
    2979
    3051
    2907
    2911
    2859
    2931
    2833
    2815
    2783
    2832
    2770
    2821
    2715
    2856
    2876
    2784
    2758
    2809
    2717
    2715
    2777
    2631
    2702
    2653
    2682
    2716
    2668
    2640
    2707
    2567
    2667
    2642
    2599
    2601
    2589
    2607
    2539
    2546
    2601
    2608
    2561
    2542
    2542
    2543
    2524
    2442
    2533
    2462
    2457
    2320
    2506
    2475
    2435
    2359
    2508
    2407
    2412
    2288
    2286
    2443
    2379
    2389
    2345
    2373
    2302
    2313
    2389
    2338
    2327
    2224
    2264
    2242
    2260
    2300
    2158
    2215
    2224
    2157
    2200
    2176
    2187
    2194
    2143
    2215
    2147
    2167
    2227
    2189
    2042
    2118
    2056
    2072
    2110
    2113
    2099
    2163
    2071
    2073
    2031
    1965
    1985
    2045
    2018
    1908
    1997
    2000
    1949
    1901
    2018
    1923
    1978
    1972
    1949
    1968
    1924
    2117
    1926
    1877
    1881
    1875
    1848
    1925
    1901
    1894
    1908
    1861
    1846
    1850
    1921
    1835
    1804
    1752
    1816
    1720
    1853
    1742
    1826
    1759
    1775
    1871
    1820
    1776
    1827
    1819
    1765
    1719
    1789
    1734
    1728
    1726
    1677
    1709
    1730
    1771
    1693
    1692
    1626
    1749
    1659
    1658
    1665
    1715
    1625
    1613
    1674
    1564
    1636
    1646
    1633
    1578
    1670
    1657
    1586
    1540
    1598
    1539
    1555
    1543
    1557
    1615
    1579
    1535
    1518
    1556
    1437
    1505
    1479
    1506
    1556
    1550
    1415
    1498
    1391
    1444
    1483
    1438
    1440
    1444
    1475
    1463
    1496
    1448
    1371
    1470
    1404
    1439
    1488
    1376
    1436
    1405
    1401
    1346
    1404
    1400
    1357
    1396
    1318
    1359
    1373
    1356
    1379
    1335
    1366
    1398
    1463
    1368
    1323
    1352
    1358
    1292
    1333
    1344
    1303
    1251
    1240
    1342
    1289
    1306
    1281
    1198
    1300
    1208
    1304
    1261
    1211
    1264
    1252
    1268
    1118
    1212
    1190
    1217
    1251
    1227
    1165
    1196
    1180
    1168
    1227
    1221
    1219
    1177
    1200
    1229
    1183
    1179
    1151
    1117
    1163
    1151
    1209
    1176
    1164
    1141
    1158
    1116
    1147
    1108
    1158
    1170
    1132
    1058
    1136
    1148
    1127
    1097
    1111
    1097
    1141
    1064
    1070
    1115
    1085
    1053
    1030
    1036
    1093
    1089
    1005
    1053
    1007
    1058
    1020
     973
    1045
    1043
    1005
    1055
    1017
    1003
    1028
    1029
    1052
    1017
     946
     998
    1076
     998
    1049
     980
    1009
    1021
     970
     947
    1007
    1014
    1030
     950
    1003
     945
     944
    1028
     925
     916
     963
     961
     915
     979
     914
     908
     929
     913
     953
     990
     946
     914
     886
     988
     938
     956
     925
     912
     908
     890
     898
     909
     903
     923
     878
     898
     831
     856
     848
     886
     868
     871
     893
     851
     892
     879
     863
     848
     827
     818
     835
     860
     890
     835
     832
     828
     839
     797
     854
     805
     813
     903
     795
     795
     846
     824
     861
     832
     772
     778
     778
     803
     788
     847
     835
     783
     790
     796
     749
     744
     789
     779
     748
     780
     780
     737
     736
     770
     796
     803
     762
     775
     754
     791
     779
     765
     720
     723
     729
     723
     716
     752
     716
     708
     677
     725
     684
     735
     700
     756
     703
     701
     723
     715
     665
     722
     703
     688
     683
     705
     690
     699
     686
     656
     645
     714
     705
     685
     690
     701
     683
     667
     686
     683
     664
     675
     631
     638
     645
     707
     703
     701
     684
     694
     623
     653
     632
     632
     646
     715
     693
     670
     607
     640
     647
     605
     620
     636
     639
     616
     622
     611
     595
     585
     617
     642
     626
     626
     577
     577
     610
     635
     576
     566
     607
     598
     571
     621
     608
     568
     592
     589
     555
     604
     579
     595
     605
     585
     591
     566
     624
     575
     605
     578
     554
     566
     537
     588
     559
     541
     552
     561
     567
     618
     548
     587
     570
     579
     600
     557
     557
     533
     561
     520
     562
     564
     519
     553
     535
     541
     575
     530
     531
     527
     562
     572
     510
     528
     532
     551
     531
     538
     549
     539
     534
     536
     536
     573
     506
     530
     560
     531
     489
     517
     542
     507
     487
     521
     501
     526
     533
     482
     467
     484
     534
     487
     493
     529
     483
     536
     475
     493
     510
     510
     506
     502
     504
     488
     457
     492
     495
     524
     439
     514
     498
     502
     504
     471
     500
     525
     458
     459
     427
     441
     443
     468
     473
     458
     456
     456
     452
     451
     437
     454
     445
     437
     461
     421
     458
     450
     498
     491
     457
     507
     449
     441
     440
     462
     457
     463
     475
     471
     443
     430
     401
     435
     411
     400
     434
     427
     404
     418
     416
     447
     441
     421
     471
     434
     465
     414
     469
     422
     418
     439
     414
     411
     411
     456
     439
     439
     393
     407
     426
     456
     440
     390
     395
     407
     399
     390
     387
     404
     372
     395
     452
     432
     422
     377
     385
     434
     367
     403
     373
     408
     430
     402
     400
     391
     397
     408
     412
     397
     380
     360
     388
     399
     396
     454
     395
     377
     377
     362
     370
     394
     386
     394
     374
     363
     388
     372
     390
     361
     399
     393
     341
     387
     378
     399
     381
     366
     378
     377
     363
     381
     372
     365
     363
     357
     356
     389
     365
     335
     360
     364
     407
     318
     375
     362
     350
     359
     406
     353
     330
     348
     336
     336
     357
     346
     367
     366
     385
     376
     328
     362
     353
     355
     355
     323
     342
     387
     327
     344
     346
     307
     335
     381
     349
     358
     333
     385
     327
     308
     338
     364
     366
     289
     349
     333
     328
     335
     307
     343
     342
     354
     332
     342
     323
     336
     320
     332
     327
     337
     334
     346
     354
     321
     341
     371
     342
     286
     328
     333
     344
     336
     324
     340
     333
     319
     327
     289
     349
     299
     330
     291
     362
     317
     315
     299
     269
     292
     332
     304
     308
     318
     367
     339
     305
     323
     320
     320
     319
     331
     336
     318
     308
     282
     297
     299
     312
     348
     325
     309
     297
     340
     309
     305
     325
     332
     330
     272
     328
     269
     305
     294
     323
     287
     301
     299
     302
     297
     281
     323
     264
     295
     293
     313
     311
     306
     302
     329
     296
     294
     314
     330
     264
     299
     288
     256
     277
     283
     293
     288
     324
     302
     278
     277
     279
     291
     279
     258
     285
     271
     272
     308
     273
     279
     278
     309
     273
     293
     251
     316
     314
     294
     278
     250
     267
     283
     284
     269
     294
     264
     310
     260
     289
     295
     279
     296
     251
     248
     292
     293
     256
     244
     284
     273
     283
     291
     268
     269
     280
     240
     277
     283
     292
     263
     274
     240
     296
     263
     276
     285
     249
     279
     236
     288
     245
     284
     261
     239
     276
     279
     272
     256
     270
     270
     279
     251
     233
     276
     242
     237
     226
     261
     251
     262
     228
     266
     247
     251
     255
     265
     250
     255
     260
     272
     247
     233
     240
     249
     250
     255
     258
     245
     231
     275
     234
     250
     226
     275
     234
     237
     215
     260
     239
     235
     250
     260
     248
     242
     241
     229
     217
     242
     221
     244
     248
     226
     214
     233
     251
     240
     245
     267
     242
     226
     238
     259
     239
     232
     262
     234
     229
     242
     247
     237
     220
     264
     233
     228
     219
     227
     244
     219
     227
     258
     195
     212
     241
     214
     241
     250
     233
     218
     227
     233
     251
     278
     247
     234
     241
     215
     205
     220
     262
     236
     244
     214
     218
     238
     243
     251
     227
     231
     204
     229
     220
     254
     218
     249
     203
     210
     250
     216
     214
     217
     238
     238
     223
     213
     264
     239
     218
     211
     222
     216
     216
     225
     219
     202
     220
     219
     219
     248
     213
     227
     243
     205
     241
     197
     230
     190
     210
     209
     194
     227
     208
     204
     206
     206
     220
     240
     224
     231
     209
     215
     199
     206
     204
     194
     240
     222
     220
     215
     211
     222
     237
     192
     250
     225
     219
     235
     182
     197
     205
     230
     220
     214
     214
     205
     229
     203
     210
     250
     215
     203
     235
     227
     220
     216
     227
     222
     195
     215
     228
     198
     190
     217
     215
     208
     207
     201
     223
     206
     231
     217
     228
     211
     203
     202
     222
     213
     212
     223
     215
     233
     210
     213
     204
     199
     233
     207
     219
     243
     210
     201
     206
     205
     201
     205
     210
     206
     199
     193
     204
     210
     212
     198
     218
     210
     213
     180
     191
     200
     214
     223
     239
     186
     198
     215
     193
     210
     201
     205
     195
     215
     209
     213
     226
     209
     206
     224
     208
     202
     210
     205
     217
     195
     188
     206
     225
     223
     208
     204
     206
     202
     217
     196
     203
     198
     221
     205
     183
     217
     210
     242
     188
     196
     223
     225
     212
     222
     211
     217
     198
     200
     206
     212
     216
     221
     202
     222
     211
     220
     206
     209
     228
     182
     212
     224
     207
     198
     188
     226
     208
     221
     202
     215
     198
     227
     196
     209
     185
     207
     224
     244
     226
     199
     183
     212
     179
     204
     201
     215
     206
     208
     198
     227
     183
     226
     198
     211
     190
     205
     231
     222
     211
     214
     195
     189
     182
     208
     220
     204
     170
     186
     229
     182
     189
     187
     188
     189
     188
     207
     188
     225
     190
     205
     201
     191
     199
     174
     203
     181
     179
     176
     218
     221
     175
     177
     185
     179
     200
     176
     182
     206
     176
     192
     184
     189
     181
     188
     189
     189
     182
     182
     189
     159
     180
     202
     188
     160
     206
     194
     185
     206
     172
     145
     169
     187
     201
     169
     176
     185
     176
     177
     193
     181
     193
     159
     177
     157
     177
     188
     192
     168
     176
     176
     169
     186
     177
     170
     176
     177
     164
     177
     184
     165
     168
     163
     161
     156
     193
     181
     178
     180
     182
     158
     180
     156
     176
     169
     166
     148
     154
     146
     154
     160
     160
     192
     155
     142
     147
     152
     154
     172
     131
     139
     160
     151
     158
     139
     148
     153
     136
     186
     152
     139
     162
     134
     162
     153
     134
     147
     155
     136
     144
     142
     133
     134
     120
     140
     134
     130
     133
     106
     122
     110
     116
     137
     132
     129
     122
     133
     117
     129
     106
     143
     105
     112
     127
      98
     119
      97
     134
     105
     116
     104
     104
     107
     116
      99
      84
      98
      94
      88
      92
      82
      80
      95
      97
      94
      85
      85
      73
      77
      83
      78
      78
      72
      77
      82
      80
      59
      69
      71
      69
      67
      56
      60
      55
      60
      53
      60
      49
      48
      66
      44
      37
      41
      33
      45
      55
      46
      44
      38
      38
      27
      39
      34
      31
      34
      30
      36
      26
      33
      27
      26
      22
      23
      24
      24
      26
      26
      21
      15
      23
      23
      18
      17
      15
      29
      20
      16
      17
      23
      14
      12
      15
      13
      13
      17
      13
      15
      15
       7
      12
      16
       6
      15
       9
      12
      12
      14
      11
      10
      11
       7
      11
      16
      12
      13
      12
       9
      10
      10
      10
      12
       5
       9
       4
      11
       6
      10
       9
       8
       8
       5
       3
       6
      14
       9
       6
       8
       6
       3
      10
      14
       8
       9
      10
       6
       3
       9
       4
       5
      12
       7
       6
       7
       6
       6
       6
       9
       4
       6
      11
      11
       3
       8
       5
       7
       4
       3
       6
       2
       3
       2
       7
       4
      10
       8
       6
       5
       6
       6
       4
       4
       7
       5
       4
       7
       5
       5
       6
       5
      10
       8
       3
       5
       5
       9
       3
       5
       5
       5
       2
       6
       2
       6
       6
       6
       7
       4
       8
       1
       5
       5
       8
       7
       6
       5
      11
       9
       2
       6
       9
       6
       8
       4
       9
       6
       5
       6
       4
       6
       2
       3
       4
       7
       3
       5
       4
       4
       9
       3
      10
       5
       7
       6
       8
       8
       3
       1
       9
       5
       6
       2
       5
      13
       6
       6
       4
       1
       8
       4
       4
       3
       2
       4
       6
       4
       6
       7
       6
       8
       6
       3
       4
       3
       1
       2
       3
       4
       5
       3
       9
       3
       5
       4
       3
       5
       6
       4
       4
       4
       6
       7
       5
       7
       1
       3
       0
       4
       5
       4
       3
       6
       3
       3
       3
       6
       6
       3
       5
       5
       4
       6
       7
       7
       5
       6
       1
       3
       6
       4
       0
       3
       4
       3
       4
       6
       3
       2
       4
       2
       5
       5
       5
       7
       3
       2
       5
       6
       7
       6
      10
       7
       4
       2
       2
       4
       5
       6
       9
       6
       3
       8
       5
       6
       1
       6
       3
       3
       7
       6
       4
       5
       7
       4
       0
       6
       6
       7
       2
       1
       3
       3
       5
      12
       4
       3
       4
       5
       2
       5
       3
       3
       5
       2
       3
       2
       3
       2
       3
       1
       3
       5
       2
       2
       3
       6
       6
       6
       4
       5
       4
       2
       5
       3
       6
       1
       5
       1
       3
       4
       3
       3
       1
       3
       4
       4
       3
       3
       1
       0
       4
       4
       3
       1
       6
       2
       3
       4
       3
       1
       4
       2
       4
       1
       4
       5
       6
       3
       2
       7
       3
       0
       1
       3
       1
       4
       1
       0
       2
       3
       4
       1
       1
       1
       1
       5
       2
       4
       2
       1
       3
       3
       4
       0
       2
       1
       2
       2
       4
       1
       0
       2
       2
       1
       4
       6
       3
       1
       3
       3
       4
       2
       2
       1
       1
       2
       3
       1
       3
       4
       5
       1
       1
       6
       3
       2
       2
       1
       4
       4
       2
       4
       4
       1
       3
       4
       2
       2
       2
       3
       5
       4
       1
       2
       4
       1
       0
       1
       2
       3
       2
       3
       3
       2
       5
       2
       1
       3
       4
       3
       4
       1
       2
       1
       3
       3
       2
       4
       2
       3
       6
       1
       1
       0
       7
       4
       1
       1
       2
       3
       1
       1
       3
       2
       2
       1
       1
       1
       1
       1
       0
       1
       2
       1
       6
       3
       4
       1
       1
       0
       1
       1
       3
       2
       5
       3
       4
       3
       4
       0
       1
       1
       1
       0
       0
       0
       2
       3
       2
       2
       2
       2
       0
       1
       6
       0
       3
       0
       1
       0
       1
       3
       3
       4
       2
       1
       1
       0
       2
       0
       1
       0
       0
       3
       3
       2
       1
       1
       1
       1
       0
       1
       2
       0
       0
       1
       1
       2
       1
       1
       3
       0
       4
       1
       3
       4
       1
       2
       4
       2
       1
       2
       3
       2
       2
       0
       2
       1
       1
       5
       2
       0
       0
       1
       0
       2
       5
       1
       2
       1
       2
       2
       0
       1
       1
       1
       1
       2
       1
       1
       0
       1
       3
       0
       0
       0
       0
       3
       1
       2
       1
       2
       1
       5
       3
       2
       1
       4
       0
       1
       2
       2
       2
       1
       3
       0
       0
       0
       2
       1
       2
       2
       0
       3
       0
       3
       2
       0
       2
       1
       0
       1
       0
       1
       2
       1
       0
       1
       2
       0
       0
       1
       3
       3
       0
       1
       0
       1
       1
       1
       1
       0
       0
       0
       0
       1
       0
       0
       1
       1
       0
       0
       2
       1
       1
       0
       2
       3
       1
       1
       3
       2
       0
       2
       2
       0
       2
       0
       1
       1
       0
       4
       0
       0
       1
       0
       0
       0
       3
       4
       2
       2
       2
       1
       0
       1
       3
       0
       1
       1
       2
       0
       0
       0
       0
       1
       0
       2
       2
       2
       0
       2
       2
       1
       0
       1
       2
       0
       0
       1
       4
       0
       2
       0
       3
       2
       1
       1
       1
       0
       0
       1
       1
       0
       1
       3
       1
       1
       1
       1
       3
       0
       3
       1
       1
       1
       0
       2
       0
       0
       0
       0
       1
       3
       0
       0
       1
       0
       1
       0
       0
       1
       1
       2
       1
       0
       2
       1
       2
       2
       1
       0
       1
       0
       1
       0
       0
       0
       3
       1
       5
       0
       1
       2
       1
       1
       1
       1
       1
       0
       1
       1
       1
       1
       1
       3
       1
       0
       2
       1
       1
       0
       1
       0
       2
       2
       1
       1
       0
       0
       1
       1
       2
       0
       0
       0
       0
       4
       0
       2
       3
       1
       0
       1
       0
       1
       3
       0
       0
       0
       0
       0
       0
       1
       1
       2
       0
       2
       0
       0
       1
       1
       1
       0
       0
       0
       0
       3
       1
       1
       1
       3
       2
       0
       0
       0
       0
       2
       0
       2
       0
       0
       0
       0
       0
       0
       1
       1
       0
       0
       0
       1
       0
       0
       0
       2
       2
       0
       0
       1
       0
       0
       1
       3
       0
       1
       1
       2
       0
       0
       0
       0
       0
       0
       0
       1
       1
       1
       1
       1
       0
       0
       0
       2
       0
       1
       0
       3
       1
       1
       2
       0
       2
       0
       0
       0
       0
       0
       1
       3
       0
       1
       0
       0
       1
       1
       1
       2
       0
       0
       0
       2
       0
       4
       0
       0
       1
       0
       0
       0
       0
       0
       0
       0
       1
       1
       0
       2
       0
       1
       0
       0
       0
       0
       3
       0
       0
       1
       2
       0
       3
       0
       1
       0
       0
       0
       0
       1
       0
       0
       0
       1
       0
       0
       0
       0
       1
       1
       0
       0
       0
       0
       1
       1
       0
       0
       0
       2
       1
       1
       0
       0
       1
       2
       1
       0
       0
       1
       0
       1
       0
       0
       0
       0
       1
       0
       0
       2
       0
       0
       2
       0
       0
       0
       2
       0
       0
       0
       0
       0
       0
       0
       0
       0
       0
       1
       1
       1
       1
       0
       1
       1
       0
       2
       1
       0
       0
       0
       0
       0
       0
       0
       0
       1
       0
       1
       0
       1
       0
       0
       0
       0
       0
       0
       0
       2
       0
       0
       0
       1
       0
       0
       1
       0
       0
       0
       1
       0
       0
       0
       0
       0
       1
       0
       0
       2
       0
       0
       1
       0
       2
       0
       0
       0
       1
       0
       0
       0
       2
       0
       0
       0
       0
       0
       1
       0
       2
       0
       0
       1
       1
       0
       1
       0
       0
       0
       1
       0
       0
       0
       0
       2
       1
       0
       1
       0
       1
       1
       0
       0
       0
       1
       1
       0
       2
       0
       0
       0
       1
       0
       0
       1
       1
       0
       0
       0
       1
       0
       1
       0
       0
       0
       1
       2
       2
       0
       0
       1
       1
       1
       0
       1
       0
       2
       0
       0
       0
       0
       0
       0
       0
       0
       3
       2
       0
       2
       0
       0
       1
       1
       0
       0
       0
       0
       2
       0
       0
       0
       0
       0
       0
       0
       0
       1
       0
       1
       1
       0
       2
       0
       0
       0
       0
       0
       0
       1
       1
       0
       0
       0
       0
       0
       0
       1
       0
       0
       0
       0
       1
       0
       2
       0
       0
       0
       0
       0
       0
       0
       0
       0
       0
       0
       0
       0
       1
       0
       0
       0
       0
       0
       0
       0
       0
       0
       1
       1
       1
       0
       1
       1
       1
       0
       1
       1
       0
       0
       0
       0
       0
       0
       0
       2
       0
       0
       0
       0
       1
       1
       0
       0
       0
       1
       0
       0
       0
       0
       0
       0
       0
       0
       0
       0
       0
       1
       0
       0
       0
       0
       0
       1
       0
       0
       0
       1
       0
       0
       0
       0
       0
       0
       0
       0
       0
       0
       0
       0
       0
       0
       0
       0
       0
       1
       0
       0
       0
       0
       0
       0
       0
       0
       0
       0
       1
       0
       0
       0
       0
       0
       0
       0
       1
       0
       0
       0
       1
       1
       0
       0
       0
       0
       0
       0
       0
       0
       0
       0
       0
       0
       0
       0
       0
       1
       2
       0
       0
       0
       1
       0
       0
       0
       0
       0
       0
       0
       0
       0
       0
       0
       0
       1
       0
       0
       0
       0
       0
       1
       0
       0
       0
       0
       0
       1
       0
       0
       0
       0
       0
       0
       0
       0
       0
       0
       1
       1
       0
       0
       0
       1
       0
       0
       0
       2
       0
       0
       0
       0
       0
       1
       0
       0
       0
       0
       1
       0
       0
       0
       0
       1
       0
       0
       1
       0
       0
       0
       0
       0
       2
       0
       0
       1
       0
       2
       0
       1
       0
       0
       0
       0
       0
       0
       0
       0
       0
       0
       0
       1
       0
       0
       1
       0
       0
       0
       0
       0
       0
       0
       0
       0
       0
       0
       0
       0
       0
       1
       0
       1
       0
       0
       1
       1
       0
       0
       1
       0
       0
       0
       2
       0
       0
       0
       0
       0
       0
       0
       0
       0
       0
       0
       0
       0
       0
       0
       0
       1
       0
       0
       0
       0
       0
       0
       0
       1
       0
       1
       0
       0
       0
       0
       1
       0
       0
       0
       0
       1
       1
       0
       0
       0
       0
       0
       0
       0
       0
       0
       1
       0
       0
       0
       0
       0
       0
       0
       0
       1
       0
       0
       2
       0
       0
       0
       0
       0
       0
       1
       0
       0
       1
       1
       0
       0
       1
       0
       0
       2
       1
       0
       0
       0
       1
       0
       0
       0
       0
       0
       0
       0
       0
       0
       0
       0
       0
       1
       0
       1
       0
       1
       0
       0
       0
       0
       0
       0
       0
       0
       0
       1
       0
       0
       0
       0
       0
       0
       2
       0
       0
       0
       0
       0
       0
       0
       1
       0
       0
       0
       0
       0
       0
       1
       0
       0
       0
       0
       0
       1
       1
       1
       0
       0
       0
       1
       0
       0
       0
       0
       4
       0
       0
       0
       1
       0
       0
       0
       0
       4
       0
       1
       2
       1
       1
       0
       0
       0
       1
       1
       2
       0
       0
       1
       1
       0
       0
       0
       0
       1
       0
       1
       1
       1
       2
       3
       1
       0
       2
       2
       0
       0
       0
       0
       0
       0
       0
       0
       0
       0
       0
       0
       0
       0
       0
       0
       0
       0
       0
       0
       0
       0
       0
       0
       0
       0
       0
       0
       0
       0
       0
       0
       0
       0
       0
       0
       0
       0
       0
       0
       0
       0
       0
       0
       0
       0
       0
       0
       0
       0
       0
       0
       0
       0
       0
       0
       0
       0
       0
       0
       0
       0
       0
       0
       0
       0
       0
       0
       0
       0
       0
       0
       0
       0
       0
       0
       0
       0
       0
       0
       0
       0
       0
       0
       0
       0
       0
       0
       0
       0
       0
       0
       0
       0
       0
       0
       0
       0
       0
       0
       0
       0
       0
       0
       0
       0
       0
       0
       0
       0
       0
       0
       0
       0
       0
       0
       0
       0
       0
       0
       0
       0
       0
       0
       0
       0
       0
       0
       0
       0
       0
       0
       0
       0
       0
       0
       0
       0
       0
       0
       0
       0
       0
       0
       0
       0
       0
       0
       0
       0
       0
       0
       0
       0
       0
       0
       0
       0
       0
       0
       0
       0
       0
       0
       0
       0
       0
       0
       0
       0
       0
       0
       0
       0
       0
       0
       0
       0
       0
       0
       0
       0
       0
       0
       0
       0
       0
       0
       0
       0
       0
       0
       0
       0
       0
       0
       0
       0
       0
       0
       0
       0
       0
       0
       0
       0
       0
       0
       0
       0
       0
       0
       0
       0
       0
       0
       0
       0
       0
       0
       0
       0
       0
       0
       0
       0
       0
       0
       0
       0
       0
       0
       0
       0
       0
       0
       0
       0
       0
       0
       0
       0
       0
       0
       0
       0
       0
       0
       0
       0
       0
       0
       0
       0
       0
       0
       0
       0
       0
       0
       0
       0
       0
       0
       0
       0
       0
       0
       0
       0
       0
       0
       0
       0
       0
       0
       0
       0
       0
       0
       0
       0
       0
       0
       0
       0
       0
       0
       0
       0
       0
       0
       0
       0
       0
       0
       0
       0
       0
       0
       0
       0
       0
       0
       0
       0
       0
       0
       0
$ROI:
1
176 2325
$PRESETS:
None
0
0
$ENER_FIT:
0.000000 0.000000
$MCA_CAL:
3
0.000000E+000 0.000000E+000 0.000000E+000 
$SHAPE_CAL:
3
0.000000E+000 0.000000E+000 0.000000E+000
