$SPEC_ID:
Silicon
$SPEC_REM:
DET# 3
DETDESC# 78-GP-NB0025 Model 928 SN 15355078
AP# Maestro Version 7.01
$DATE_MEA:
03/13/2024 22:08:57
$MEAS_TIM:
485 569
$DATA:
0 4095
       0
       0
       0
       0
       0
       0
       0
       0
       0
       0
       0
   75928
 3957971
 2128535
 1244940
 1115497
  988025
  822296
  661745
  553016
  473919
  413509
  359017
  312771
  271877
  237378
  207460
  181658
  160794
  141433
  125297
  110515
   98002
   87041
   77667
   68822
   60916
   54149
   47952
   42290
   37697
   32984
   29195
   25751
   22705
   20191
   17540
   15569
   13578
   12044
   10479
    9163
    8137
    7114
    6178
    5437
    4822
    4369
    3861
    3379
    2969
    2658
    2460
    2087
    1970
    1727
    1673
    1420
    1377
    1229
    1106
    1030
     945
     949
     851
     748
     752
     659
     657
     595
     579
     582
     524
     530
     473
     424
     436
     432
     427
     366
     370
     372
     364
     344
     349
     360
     346
     307
     264
     259
     281
     262
     269
     282
     243
     245
     257
     238
     262
     204
     210
     245
     221
     235
     214
     209
     209
     205
     214
     208
     170
     207
     172
     174
     160
     162
     144
     168
     151
     158
     166
     167
     120
     157
     145
     129
     126
     160
     126
     130
     133
     137
     108
     116
     104
     112
     129
     115
     113
     108
     103
     117
     119
     109
     112
      93
      92
     103
      85
      88
      78
     107
      91
      86
      92
      82
      88
      92
      89
      80
      80
      77
      76
      68
      60
      69
      63
      84
      69
      74
      70
      75
      75
      64
      70
      69
      62
      60
      61
      72
      66
      64
      61
      49
      75
      65
      82
      55
      56
      54
      51
      66
      49
      59
      57
      48
      57
      49
      60
      38
      40
      52
      44
      59
      48
      45
      47
      43
      63
      47
      39
      42
      48
      53
      47
      52
      34
      34
      52
      33
      51
      39
      43
      42
      43
      42
      33
      44
      34
      48
      34
      33
      23
      35
      31
      38
      31
      19
      39
      43
      46
      38
      33
      28
      40
      34
      34
      40
      41
      33
      41
      40
      33
      38
      42
      31
      28
      33
      29
      21
      26
      34
      31
      29
      32
      25
      26
      30
      25
      23
      45
      33
      29
      21
      40
      27
      22
      19
      20
      25
      20
      14
      28
      23
      24
      22
      18
      21
      18
      29
      23
      32
      23
      21
      27
      22
      18
      28
      20
      18
      18
      24
      24
      26
      25
      28
      19
      17
      18
      18
      15
      18
      23
      18
      18
      28
      25
      32
      20
      18
      24
      22
      20
      20
      18
      26
      19
      15
      18
      16
      15
      17
      14
      17
      19
      21
      18
      16
      21
      13
      16
      17
      13
      17
      17
      17
      14
      11
      17
      13
      15
      15
      16
      12
      20
      23
      12
      17
      17
      21
      26
      18
      24
      16
      14
      18
      17
      10
      13
      14
      14
      12
       8
       9
       9
       7
      11
      16
      11
       7
      13
      17
      15
      18
      17
      11
      18
      15
      16
      13
      12
      10
      19
      14
      18
       6
       9
      14
      14
      10
       8
      11
       8
       9
      11
      17
       9
      10
      12
      12
      12
      13
      13
      10
      13
       5
       8
      10
      12
      13
      11
      15
       7
       6
       8
      16
       8
      16
      12
       5
      10
       4
      11
      16
       5
      17
      11
       9
       9
      14
      16
      10
      15
      14
       7
       8
      10
       8
       3
      11
      10
      15
      11
      12
       5
       7
      11
      10
       5
       9
       7
      11
       9
      10
      10
      16
       5
       6
       4
      12
       8
      11
       9
      13
       8
       7
      10
      13
      15
      13
       7
       8
       9
       7
       7
       4
       6
       8
      11
       5
       9
       7
       2
       6
       5
       8
       4
       6
       7
       6
       5
       5
      11
       8
       7
      14
       8
       9
       7
      11
       7
       9
       4
       6
       7
      10
       5
       4
       3
       8
      12
       9
       9
      10
       6
       4
      11
       7
       9
      10
       3
       7
       4
       5
       8
      10
       6
       8
       6
       6
       6
       8
      10
       9
       7
      10
       4
       8
       7
       9
       9
       7
       9
       6
       5
       4
       9
       9
       5
       3
      13
       2
       5
       4
       6
       8
       4
       4
       8
       4
       2
      10
       9
       8
       6
       3
       5
       7
       4
       5
       3
       3
       9
       6
       5
       5
       1
       4
      12
       2
       4
       4
       5
       7
       3
       7
       2
       1
       8
       3
       4
       3
       8
       9
       4
       7
       6
       7
       8
       3
       3
       8
       3
       3
      10
       7
       5
       4
       8
       3
       6
       2
       4
       4
       5
       9
       8
       5
       6
       5
       2
       9
       3
       4
       5
       2
       4
       3
       4
       3
       4
       2
       4
       4
       6
       6
       3
       4
       5
       5
       5
       5
       6
       7
       1
       4
       2
       8
       4
       4
       5
       2
       9
       6
       4
      10
       3
       4
       6
       5
       1
      10
       5
       6
       6
       5
       7
       5
       1
       5
       4
       4
       3
       6
       3
       3
       4
       4
       2
       1
       4
       4
      11
       4
       6
       6
       3
       5
       6
       2
       6
       5
       4
       5
       4
       1
       2
       0
       2
       3
       5
       5
       5
       6
       7
       1
       5
       4
       2
       5
       5
       2
       5
       2
       1
       4
       4
       2
       3
       3
       6
       1
       4
       9
       2
       4
       6
       4
       0
       3
       5
       4
       0
       3
       3
       2
       1
       2
       2
       3
       2
       6
       3
       6
       5
       2
       3
       1
       2
       1
       5
       2
       6
       3
       3
       2
       6
       5
       2
       1
       2
       4
       4
       5
       4
       5
       0
       6
       4
       4
       3
       5
       2
       2
       4
       5
       4
       2
       2
       4
       0
       3
       1
       3
       1
       5
       2
       3
       5
       7
       1
       5
       6
       2
       2
       1
       2
       2
       3
       9
       5
       1
       0
       2
       4
       5
       4
       0
       2
       3
       3
       4
       6
       5
       3
       4
       3
       2
       7
       9
       2
       1
       2
       3
       5
       1
       0
       2
       1
       1
       3
       1
       2
       0
       2
       3
       1
       5
       4
       2
       0
       2
       2
       1
       1
       3
       3
       1
       5
       6
       5
       0
       3
       0
       1
       1
       4
       1
       4
       2
       4
       3
       2
       4
       2
       2
       2
       5
       2
       4
       3
       0
       2
       0
       1
       3
       4
       1
       3
       4
       2
       5
       1
       3
       4
       0
       2
       2
       3
       3
       2
       1
       3
       1
       1
       4
       3
       4
       2
       2
       1
       0
       2
       2
       4
       1
       2
       2
       4
       0
       3
       0
       2
       6
       3
       1
       5
       4
       1
       1
       1
       4
       2
       4
       0
       0
       4
       4
       1
       2
       1
       4
       4
       1
       3
       3
       1
       2
       0
       1
       1
       3
       0
       1
       3
       2
       1
       3
       3
       0
       0
       2
       1
       1
       4
       3
       3
       2
       2
       3
       0
       1
       0
       2
       1
       0
       1
       2
       1
       2
       0
       4
       2
       4
       3
       0
       0
       2
       4
       2
       1
       1
       2
       1
       1
       5
       3
       2
       3
       2
       2
       1
       1
       4
       3
       2
       0
       3
       1
       0
       2
       2
       1
       2
       3
       1
       1
       0
       2
       3
       3
       0
       0
       2
       1
       7
       1
       0
       6
       0
       2
       0
       1
       2
       1
       1
       1
       0
       2
       0
       1
       2
       2
       0
       1
       1
       0
       0
       3
       2
       2
       4
       0
       1
       1
       2
       1
       2
       2
       4
       3
       2
       4
       1
       2
       4
       0
       1
       2
       2
       4
       2
       1
       3
       0
       1
       3
       0
       2
       1
       1
       0
       1
       0
       3
       2
       3
       1
       1
       1
       0
       0
       0
       2
       3
       2
       0
       1
       3
       3
       2
       2
       1
       1
       3
       1
       1
       0
       1
       0
       1
       1
       1
       0
       0
       3
       0
       1
       2
       2
       1
       1
       1
       1
       2
       0
       1
       1
       1
       1
       1
       2
       0
       2
       1
       1
       1
       2
       0
       0
       1
       0
       0
       1
       2
       0
       0
       3
       1
       1
       1
       1
       0
       0
       1
       1
       2
       2
       1
       1
       1
       0
       2
       1
       2
       0
       0
       1
       1
       0
       1
       2
       1
       1
       1
       2
       2
       0
       1
       1
       4
       1
       1
       2
       0
       1
       4
       0
       1
       3
       1
       0
       1
       0
       2
       2
       0
       1
       0
       1
       0
       0
       1
       3
       1
       2
       3
       4
       1
       4
       0
       2
       1
       0
       1
       1
       2
       2
       3
       2
       1
       1
       1
       5
       1
       0
       1
       1
       0
       1
       2
       2
       0
       1
       0
       2
       1
       0
       1
       2
       1
       1
       0
       1
       2
       0
       2
       1
       2
       2
       3
       3
       1
       1
       1
       2
       1
       1
       0
       0
       1
       1
       3
       0
       1
       0
       1
       0
       0
       0
       0
       1
       2
       1
       1
       0
       0
       4
       0
       0
       1
       2
       1
       0
       0
       1
       0
       4
       3
       3
       2
       1
       1
       3
       1
       1
       1
       1
       0
       0
       1
       1
       2
       3
       1
       0
       0
       3
       2
       1
       1
       1
       2
       0
       1
       0
       0
       1
       0
       0
       0
       0
       3
       0
       3
       3
       1
       1
       1
       2
       0
       1
       0
       1
       1
       0
       1
       0
       0
       0
       1
       1
       1
       1
       1
       0
       1
       0
       0
       1
       2
       0
       1
       1
       3
       0
       0
       0
       2
       2
       2
       3
       1
       2
       0
       1
       1
       0
       3
       2
       0
       3
       0
       0
       0
       1
       1
       1
       0
       0
       0
       1
       1
       0
       2
       2
       1
       1
       0
       1
       0
       0
       1
       1
       0
       0
       3
       0
       2
       3
       2
       1
       2
       1
       0
       0
       0
       1
       0
       0
       0
       0
       1
       0
       1
       1
       0
       3
       1
       0
       1
       0
       0
       0
       0
       1
       0
       1
       0
       1
       2
       0
       1
       2
       2
       1
       2
       1
       1
       1
       0
       1
       1
       2
       3
       1
       1
       1
       2
       1
       2
       1
       0
       0
       2
       1
       2
       1
       0
       0
       1
       1
       1
       0
       1
       0
       2
       1
       0
       1
       0
       1
       1
       0
       0
       1
       1
       3
       1
       1
       0
       1
       2
       1
       2
       0
       1
       1
       0
       0
       0
       0
       1
       2
       3
       0
       0
       1
       1
       0
       1
       1
       0
       0
       2
       0
       0
       4
       2
       0
       0
       1
       1
       0
       0
       0
       1
       1
       1
       1
       1
       2
       1
       0
       0
       2
       0
       0
       0
       2
       0
       1
       1
       0
       1
       0
       2
       1
       2
       1
       0
       2
       1
       1
       0
       1
       1
       0
       1
       0
       2
       1
       2
       2
       0
       1
       1
       0
       0
       1
       2
       1
       0
       1
       1
       0
       0
       0
       0
       0
       0
       0
       1
       0
       1
       0
       0
       0
       1
       3
       0
       3
       0
       1
       0
       0
       3
       0
       0
       0
       1
       1
       1
       0
       2
       1
       1
       2
       1
       0
       0
       0
       0
       0
       0
       0
       0
       0
       0
       0
       1
       1
       2
       0
       0
       1
       2
       1
       2
       0
       2
       0
       0
       2
       0
       0
       1
       0
       0
       0
       1
       4
       0
       0
       2
       1
       1
       0
       0
       0
       0
       2
       0
       1
       0
       0
       1
       0
       1
       1
       0
       0
       0
       1
       0
       0
       1
       0
       2
       2
       0
       3
       2
       2
       1
       1
       0
       0
       1
       0
       0
       0
       2
       3
       2
       2
       1
       0
       0
       0
       0
       0
       0
       1
       0
       1
       1
       1
       1
       1
       1
       0
       0
       0
       1
       0
       0
       2
       0
       0
       0
       0
       0
       0
       1
       2
       2
       1
       0
       0
       3
       0
       0
       0
       0
       1
       0
       2
       0
       0
       0
       0
       0
       0
       1
       0
       0
       0
       1
       0
       1
       0
       0
       1
       0
       0
       1
       0
       2
       0
       1
       1
       0
       1
       1
       1
       1
       1
       0
       3
       0
       1
       1
       0
       0
       1
       0
       2
       1
       1
       0
       0
       1
       3
       0
       1
       2
       0
       0
       0
       2
       0
       0
       1
       1
       0
       0
       1
       0
       1
       0
       0
       1
       1
       0
       1
       0
       0
       0
       1
       0
       0
       0
       2
       1
       0
       1
       0
       1
       0
       1
       0
       1
       0
       2
       1
       0
       0
       0
       1
       0
       1
       0
       0
       0
       0
       0
       1
       0
       0
       2
       0
       2
       1
       0
       0
       0
       0
       0
       0
       0
       0
       0
       0
       0
       0
       0
       3
       0
       1
       1
       2
       2
       0
       1
       0
       0
       0
       0
       0
       2
       0
       3
       0
       1
       1
       2
       2
       1
       0
       0
       0
       0
       1
       1
       0
       0
       0
       2
       0
       1
       0
       0
       0
       1
       1
       1
       1
       0
       0
       0
       0
       1
       0
       1
       0
       0
       0
       0
       1
       1
       1
       0
       0
       0
       0
       0
       0
       0
       0
       0
       2
       0
       0
       0
       0
       0
       0
       1
       0
       2
       2
       1
       1
       0
       0
       1
       0
       0
       0
       0
       0
       1
       0
       1
       0
       0
       0
       0
       1
       1
       1
       0
       1
       0
       0
       0
       2
       0
       0
       0
       0
       1
       1
       0
       1
       1
       0
       1
       3
       0
       0
       0
       1
       2
       0
       0
       0
       0
       1
       0
       1
       1
       0
       2
       1
       0
       0
       0
       0
       1
       0
       0
       0
       0
       0
       2
       2
       1
       0
       0
       1
       1
       0
       0
       0
       0
       0
       0
       0
       1
       1
       2
       0
       0
       1
       0
       0
       1
       1
       0
       1
       0
       1
       0
       0
       0
       0
       2
       0
       0
       1
       0
       0
       0
       0
       0
       0
       1
       1
       1
       0
       0
       0
       0
       3
       1
       0
       2
       0
       0
       1
       0
       0
       0
       1
       0
       0
       0
       0
       0
       1
       0
       1
       0
       0
       0
       1
       0
       0
       2
       0
       0
       0
       0
       0
       0
       1
       0
       0
       1
       0
       1
       1
       1
       1
       0
       0
       0
       0
       1
       0
       0
       0
       0
       3
       1
       0
       0
       0
       0
       0
       0
       0
       0
       0
       0
       1
       0
       0
       0
       0
       0
       0
       0
       0
       0
       0
       1
       0
       0
       1
       0
       0
       1
       0
       0
       0
       1
       1
       1
       0
       1
       0
       0
       0
       0
       0
       0
       1
       0
       0
       0
       1
       1
       1
       0
       0
       1
       1
       2
       0
       0
       0
       0
       1
       0
       0
       0
       0
       0
       0
       0
       1
       0
       2
       2
       1
       1
       0
       0
       0
       1
       1
       2
       0
       1
       0
       0
       0
       1
       0
       0
       0
       0
       0
       1
       1
       0
       0
       1
       0
       1
       0
       0
       0
       0
       0
       0
       1
       0
       0
       0
       0
       0
       0
       0
       0
       0
       0
       0
       0
       1
       1
       0
       0
       0
       0
       1
       0
       1
       0
       0
       0
       1
       0
       1
       0
       0
       1
       0
       0
       0
       0
       0
       0
       1
       0
       0
       0
       1
       0
       1
       0
       1
       0
       0
       1
       2
       0
       0
       0
       0
       0
       0
       0
       0
       0
       2
       1
       0
       0
       1
       0
       0
       0
       4
       0
       0
       1
       0
       1
       0
       1
       0
       1
       0
       0
       0
       0
       0
       0
       1
       0
       0
       1
       0
       2
       0
       0
       0
       1
       0
       0
       1
       1
       0
       0
       0
       0
       1
       1
       1
       0
       0
       0
       1
       0
       0
       0
       0
       0
       0
       0
       0
       0
       1
       0
       1
       1
       0
       1
       0
       0
       0
       1
       1
       0
       0
       0
       0
       0
       0
       0
       0
       1
       0
       0
       0
       1
       1
       0
       0
       0
       0
       1
       1
       0
       2
       0
       2
       1
       2
       1
       1
       0
       0
       0
       0
       0
       0
       0
       0
       0
       1
       0
       0
       1
       1
       1
       2
       0
       0
       0
       1
       0
       0
       0
       1
       0
       0
       2
       1
       0
       0
       0
       0
       0
       0
       0
       1
       1
       1
       1
       0
       1
       1
       0
       0
       0
       0
       0
       0
       0
       0
       0
       2
       0
       0
       2
       0
       0
       0
       0
       0
       0
       1
       0
       0
       0
       0
       0
       0
       0
       0
       0
       1
       0
       0
       0
       0
       1
       0
       0
       1
       1
       1
       1
       1
       3
       0
       0
       1
       0
       0
       0
       0
       0
       1
       0
       0
       0
       0
       1
       0
       0
       0
       0
       0
       0
       0
       0
       0
       0
       1
       0
       1
       0
       0
       0
       1
       0
       0
       0
       0
       1
       0
       0
       0
       0
       0
       0
       0
       1
       1
       0
       0
       0
       0
       0
       0
       0
       0
       0
       0
       1
       0
       1
       0
       0
       0
       1
       1
       0
       2
       0
       0
       0
       0
       0
       0
       0
       0
       0
       0
       0
       0
       1
       0
       0
       0
       0
       1
       0
       0
       1
       1
       0
       0
       0
       0
       0
       0
       0
       0
       0
       0
       0
       0
       1
       0
       0
       1
       0
       0
       0
       0
       0
       1
       1
       1
       1
       0
       1
       0
       0
       0
       0
       0
       1
       0
       0
       0
       1
       1
       0
       0
       0
       0
       0
       0
       0
       0
       0
       1
       2
       0
       0
       0
       0
       0
       0
       0
       0
       0
       0
       0
       0
       1
       1
       0
       0
       0
       0
       0
       0
       2
       0
       0
       0
       0
       0
       0
       0
       2
       0
       0
       2
       0
       0
       0
       0
       1
       1
       0
       0
       0
       0
       1
       0
       0
       0
       0
       1
       0
       0
       0
       0
       0
       0
       1
       0
       1
       0
       0
       0
       0
       0
       0
       1
       0
       0
       0
       0
       0
       0
       0
       0
       1
       1
       0
       0
       0
       1
       0
       0
       0
       0
       0
       0
       2
       0
       0
       0
       0
       0
       1
       0
       0
       0
       0
       0
       0
       0
       0
       0
       0
       0
       0
       0
       1
       1
       0
       0
       0
       1
       1
       0
       0
       0
       0
       0
       0
       1
       0
       0
       0
       0
       1
       0
       0
       0
       1
       0
       0
       1
       0
       1
       1
       0
       0
       1
       0
       0
       0
       1
       1
       1
       0
       1
       0
       0
       0
       0
       1
       0
       0
       0
       0
       0
       0
       1
       0
       0
       0
       0
       0
       0
       0
       0
       0
       1
       1
       0
       0
       0
       1
       1
       0
       2
       0
       0
       0
       0
       0
       0
       0
       1
       0
       0
       0
       0
       0
       0
       0
       1
       0
       0
       0
       0
       0
       0
       0
       0
       0
       0
       0
       1
       1
       1
       0
       1
       0
       0
       2
       0
       0
       0
       0
       1
       1
       0
       0
       0
       0
       0
       0
       0
       2
       0
       0
       1
       0
       0
       0
       0
       0
       0
       0
       0
       0
       0
       0
       0
       0
       0
       0
       1
       1
       0
       1
       0
       1
       1
       1
       0
       0
       1
       0
       0
       0
       0
       0
       0
       0
       0
       0
       0
       0
       0
       0
       1
       0
       0
       0
       0
       0
       0
       0
       0
       0
       0
       0
       1
       1
       0
       0
       0
       0
       0
       0
       0
       0
       0
       0
       0
       1
       0
       0
       0
       0
       0
       0
       0
       0
       1
       2
       0
       1
       0
       0
       0
       1
       0
       0
       0
       0
       0
       1
       0
       0
       0
       1
       0
       1
       0
       0
       0
       0
       0
       0
       0
       0
       0
       0
       0
       0
       0
       0
       0
       1
       0
       0
       0
       0
       0
       0
       0
       1
       0
       0
       0
       0
       0
       0
       0
       0
       1
       0
       0
       1
       1
       0
       0
       0
       0
       0
       1
       0
       0
       0
       0
       0
       0
       0
       0
       1
       0
       0
       0
       0
       0
       1
       0
       0
       0
       0
       0
       0
       0
       0
       0
       0
       1
       0
       0
       1
       0
       0
       0
       0
       1
       0
       0
       0
       0
       0
       0
       0
       0
       0
       0
       0
       0
       0
       0
       1
       0
       0
       1
       0
       0
       1
       0
       0
       0
       1
       0
       0
       0
       0
       0
       0
       0
       0
       0
       0
       1
       0
       0
       1
       1
       0
       0
       0
       0
       0
       1
       0
       1
       0
       0
       1
       0
       1
       0
       0
       0
       0
       0
       0
       0
       1
       0
       0
       0
       0
       0
       1
       1
       0
       0
       0
       0
       0
       0
       1
       1
       0
       0
       1
       0
       0
       0
       0
       0
       0
       1
       1
       0
       1
       0
       0
       0
       1
       0
       1
       0
       0
       0
       1
       0
       0
       0
       0
       0
       0
       0
       0
       0
       1
       1
       0
       0
       0
       0
       0
       0
       0
       0
       0
       0
       1
       2
       0
       0
       0
       0
       0
       0
       0
       0
       0
       1
       0
       0
       0
       0
       0
       0
       0
       0
       0
       0
       0
       0
       0
       1
       0
       0
       1
       0
       0
       0
       0
       0
       0
       1
       0
       0
       1
       0
       0
       0
       0
       1
       0
       0
       0
       0
       0
       0
       0
       0
       0
       0
       0
       0
       0
       0
       1
       0
       0
       0
       0
       0
       0
       0
       0
       0
       0
       0
       0
       0
       0
       0
       0
       1
       0
       0
       0
       0
       0
       0
       0
       0
       0
       0
       0
       0
       0
       0
       0
       0
       0
       1
       0
       0
       1
       0
       0
       0
       0
       0
       0
       0
       0
       0
       1
       0
       1
       1
       0
       0
       0
       0
       1
       0
       0
       0
       0
       0
       0
       0
       0
       0
       0
       0
       0
       0
       0
       0
       0
       0
       0
       0
       0
       0
       0
       1
       0
       0
       0
       1
       0
       0
       0
       1
       1
       0
       0
       0
       0
       0
       0
       0
       0
       0
       0
       0
       0
       1
       0
       0
       0
       0
       0
       0
       1
       0
       0
       0
       0
       0
       0
       0
       0
       0
       1
       0
       0
       0
       1
       0
       0
       0
       0
       0
       0
       0
       0
       0
       1
       0
       0
       0
       1
       0
       0
       0
       0
       0
       0
       1
       0
       0
       0
       0
       0
       1
       0
       0
       1
       0
       1
       0
       1
       0
       0
       0
       0
       0
       0
       0
       0
       0
       0
       1
       1
       0
       0
       0
       0
       0
       0
       0
       0
       0
       0
       0
       0
       0
       0
       0
       0
       0
       0
       1
       0
       0
       1
       0
       0
       0
       0
       0
       0
       0
       0
       0
       0
       0
       1
       0
       0
       0
       1
       0
       0
       0
       0
       0
       0
       0
       0
       0
       0
       1
       1
       0
       0
       0
       0
       0
       0
       0
       0
       0
       0
       1
       2
       0
       0
       0
       0
       1
       0
       0
       0
       0
       0
       0
       0
       1
       0
       1
       0
       0
       0
       0
       0
       0
       0
       0
       0
       0
       0
       1
       0
       0
       0
       1
       0
       0
       0
       0
       0
       0
       0
       0
       0
       0
       0
       1
       0
       0
       0
       0
       0
       0
       0
       0
       0
       1
       0
       0
       0
       0
       0
       0
       0
       2
       0
       0
       0
       0
       0
       0
       1
       0
       0
       0
       0
       0
       0
       0
       1
       0
       0
       0
       0
       0
       0
       0
       1
       0
       0
       0
       0
       0
       0
       0
       0
       0
       0
       0
       0
       0
       0
       0
       0
       0
       1
       0
       0
       0
       1
       0
       0
       0
       0
       0
       0
       0
       0
       0
       0
       0
       0
       0
       0
       0
       0
       0
       0
       0
       0
       0
       0
       0
       1
       0
       0
       0
       0
       0
       0
       0
       0
       0
       0
       1
       0
       0
       0
       3
       0
       0
       0
       1
       0
       0
       0
       0
       0
       0
       1
       0
       0
       1
       0
       0
       0
       1
       1
       0
       0
       0
       0
       0
       0
       0
       0
       2
       0
       0
       0
       1
       0
       0
       0
       1
       0
       0
       0
       0
       1
       0
       0
       0
       1
       0
       0
       0
       0
       0
       0
       0
       1
       0
       1
       0
       0
       0
       0
       0
       0
       0
       0
       0
       1
       2
       0
       1
       0
       0
       1
       1
       0
       0
       0
       0
       0
       1
       0
       0
       0
       1
       0
       0
       0
       1
       0
       0
       0
       1
       0
       0
       0
       0
       1
       0
       0
       0
       0
       1
       0
       1
       0
       0
       3
       0
       0
       0
       0
       2
       0
       0
       0
       0
       1
       0
       1
       0
       0
       1
       0
       0
       1
       0
       0
       1
       1
       3
       1
       1
       0
       0
       0
       2
       1
       0
       2
       0
       0
       1
       0
       0
       0
       2
       0
       2
       0
       1
       0
       0
       1
       1
       1
       1
       0
       0
       3
       0
       0
       1
       3
       4
       1
       2
       2
       2
       0
       1
       2
       3
       1
       0
       3
       3
       3
       0
       4
       5
       6
      13
       9
       3
       4
       0
       0
       0
       0
       0
       0
       0
       0
       0
       0
       0
       0
       0
       0
       0
       0
       0
       0
       0
       0
       0
       0
       0
       0
       0
       0
       0
       0
       0
       0
       0
       0
       0
       0
       0
       0
       0
       0
       0
       0
       0
       0
       0
       0
       0
       0
       0
       0
       0
       0
       0
       0
       0
       0
       0
       0
       0
       0
       0
       0
       0
       0
       0
       0
       0
       0
       0
       0
       0
       0
       0
       0
       0
       0
       0
       0
       0
       0
       0
       0
       0
       0
       0
       0
       0
       0
       0
       0
       0
       0
       0
       0
       0
       0
       0
       0
       0
       0
       0
       0
       0
       0
       0
       0
       0
       0
       0
       0
       0
       0
       0
       0
       0
       0
       0
       0
       0
       0
       0
       0
       0
       0
       0
       0
       0
       0
       0
       0
       0
       0
       0
       0
       0
       0
       0
       0
       0
       0
       0
       0
       0
       0
       0
       0
       0
       0
       0
       0
       0
       0
       0
       0
       0
       0
       0
       0
       0
       0
       0
       0
       0
       0
       0
       0
       0
       0
       0
       0
       0
       0
       0
       0
       0
       0
       0
       0
       0
       0
       0
       0
       0
       0
       0
       0
       0
       0
       0
       0
       0
       0
       0
       0
       0
       0
       0
       0
       0
       0
       0
       0
       0
       0
       0
       0
       0
       0
       0
       0
       0
       0
       0
       0
       0
       0
       0
       0
       0
       0
       0
       0
       0
       0
       0
       0
       0
       0
       0
       0
       0
       0
       0
       0
       0
       0
       0
       0
       0
       0
       0
       0
       0
       0
       0
       0
       0
       0
       0
       0
       0
       0
       0
       0
       0
       0
       0
       0
       0
       0
       0
       0
       0
       0
       0
       0
       0
       0
       0
       0
       0
       0
       0
       0
       0
       0
       0
       0
       0
       0
       0
       0
       0
       0
       0
       0
       0
       0
       0
       0
       0
       0
       0
       0
       0
       0
       0
       0
       0
       0
       0
       0
       0
       0
       0
       0
       0
       0
       0
       0
       0
       0
       0
       0
       0
       0
       0
       0
       0
       0
       0
       0
       0
       0
       0
       0
       0
       0
       0
       0
       0
       0
       0
       0
       0
       0
       0
       0
       0
       0
       0
       0
       0
       0
       0
       0
       0
       0
       0
       0
       0
       0
       0
       0
       0
       0
       0
       0
       0
       0
       0
       0
       0
       0
       0
       0
       0
       0
       0
       0
       0
       0
       0
       0
       0
       0
       0
       0
       0
       0
       0
       0
       0
       0
       0
       0
       0
       0
       0
       0
       0
       0
       0
       0
       0
       0
       0
       0
       0
$ROI:
3
5 213
215 1972
4034 4072
$PRESETS:
None
0
0
$ENER_FIT:
0.000000 0.000000
$MCA_CAL:
3
0.000000E+000 0.000000E+000 0.000000E+000 
$SHAPE_CAL:
3
0.000000E+000 0.000000E+000 0.000000E+000
