$SPEC_ID:
Silicon
$SPEC_REM:
DET# 3
DETDESC# 78-GP-NB0025 Model 928 SN 15355078
AP# Maestro Version 7.01
$DATE_MEA:
03/13/2024 20:50:01
$MEAS_TIM:
596 672
$DATA:
0 4095
       0
       0
       0
       0
       0
       0
       0
       0
       0
       0
       0
   59309
 4050021
 2170508
 1155066
 1036551
  931695
  750733
  562926
  438023
  364288
  311780
  268127
  230159
  197874
  172394
  149145
  130057
  114515
  100153
   87593
   77973
   68296
   60458
   53487
   47257
   41386
   36598
   32246
   28549
   24912
   22028
   19219
   16770
   14717
   12915
   11232
    9836
    8720
    7352
    6451
    5717
    5007
    4344
    3825
    3384
    2939
    2589
    2334
    2040
    1791
    1687
    1477
    1283
    1226
    1078
     967
     906
     821
     769
     716
     664
     609
     602
     550
     492
     525
     455
     435
     404
     402
     365
     357
     365
     317
     300
     313
     298
     308
     319
     262
     286
     251
     235
     259
     241
     247
     239
     210
     233
     214
     229
     212
     203
     224
     191
     211
     168
     202
     163
     174
     170
     151
     174
     162
     175
     161
     139
     149
     168
     133
     146
     134
     139
     111
     115
     117
     128
     114
     109
     117
     125
     127
      92
     102
      96
      94
      97
     104
     102
     114
     105
      95
      90
      96
      87
      80
      85
     103
      99
      90
     102
      72
      73
      65
      68
      82
      86
      76
      91
      70
      84
      67
      86
      73
      67
      76
      63
      59
      67
      60
      71
      72
      59
      57
      69
      58
      42
      54
      57
      50
      60
      58
      59
      53
      50
      47
      48
      53
      52
      43
      43
      46
      44
      46
      50
      52
      62
      55
      36
      32
      40
      45
      30
      58
      35
      43
      33
      41
      47
      40
      45
      39
      35
      37
      40
      48
      37
      34
      36
      40
      32
      29
      31
      36
      42
      40
      23
      37
      26
      33
      33
      28
      29
      21
      25
      32
      34
      40
      27
      34
      23
      34
      31
      36
      23
      36
      34
      35
      35
      23
      23
      26
      27
      24
      27
      34
      22
      34
      30
      26
      28
      34
      21
      20
      26
      25
      30
      24
      28
      14
      22
      19
      26
      24
      21
      16
      25
      21
      21
      15
      19
      21
      25
      19
      27
      22
      30
      23
      21
      28
      22
      10
      23
      24
      19
      19
      20
      24
      22
      17
      17
      19
      14
      10
      16
      15
      22
       8
      24
       9
      11
      17
      18
      14
      17
      14
      21
      23
      16
      12
      21
      22
      18
      17
      11
      17
       9
      15
      12
      22
      23
      13
      13
      22
      14
      13
      14
      16
      14
      18
      14
       8
      20
      13
       9
      16
      11
      11
       6
      13
      12
      12
      16
       6
      13
      11
      11
       6
      15
      18
      10
      13
       6
       7
       9
      14
      15
      12
      12
      17
      13
       5
       7
      12
      12
       8
       9
      11
      12
       7
      18
      13
      16
      10
      13
      13
      13
       4
      14
       6
      14
       9
      15
       8
      11
       4
      14
      11
      11
      13
       7
       5
      14
      14
       8
       6
      18
      11
       7
      16
       5
      14
      13
       7
      11
       8
       8
      13
       8
      16
      11
       9
      10
       7
      13
       4
      16
      12
       9
      11
       9
       9
      15
      10
       9
       8
       6
      11
       8
       9
       7
       9
      10
      11
       6
       6
      11
       7
       6
       8
       4
       8
       8
       8
       8
       6
       8
       9
      10
       8
       6
      13
       7
       8
       7
       4
       4
       6
       4
       4
       9
      13
       3
       6
       8
       9
      10
       7
       8
       5
      10
       5
       6
      10
       7
       6
       7
       6
       4
       7
       6
       6
      10
       0
      10
       9
       5
       5
       8
      11
       6
       8
       9
       4
       3
       9
       9
       5
       7
      11
       4
       5
       6
       7
       6
       6
       7
       3
       7
       8
       6
      11
       6
       4
       7
       5
       4
       6
       5
       9
       8
       2
      11
      10
       6
       1
       3
       5
       6
       5
       4
       5
       4
       3
       5
       4
       6
       4
       5
       5
       3
       5
       8
       3
       3
       6
       8
       5
       6
       7
       2
       3
       7
       6
      11
       2
       5
       7
       7
       4
       7
       1
       3
       4
       4
       4
       7
       2
       6
       7
       6
       3
       4
       4
       2
       3
       3
       4
       4
       8
       2
       5
       7
       4
       3
       2
       4
       5
       3
       3
       5
       8
       3
       4
       5
       3
       5
       3
       3
       4
      10
       5
       2
       5
       3
       5
      10
       5
       8
       6
       9
       4
       6
       2
       3
       3
       4
       4
       4
       5
       6
       7
       3
       5
       2
       4
       4
       2
       4
       5
       4
       0
       4
       4
       5
       6
       6
       6
       6
       5
       3
       5
       4
       1
       7
       6
       1
       2
       4
       5
       2
       5
       5
       5
       3
       1
       4
       2
       3
       3
       4
       1
       3
       3
       3
       2
       5
       3
       2
       3
       5
       2
       4
       4
       2
       2
       3
       4
       3
       2
       6
       3
       1
       7
       2
       0
       3
       2
       2
       2
       5
       1
       1
       1
       5
       2
       6
       1
       5
       1
       7
       5
       1
       3
       2
       6
       4
       2
       2
       4
       3
       1
       2
       4
       3
       1
       4
       6
       1
       2
       5
       1
       0
       0
       3
       2
       1
       3
       1
       3
       4
       0
       2
       1
       4
       1
       2
       4
       4
       3
       3
       3
       3
       4
       2
       1
       1
       1
       1
       4
       0
       2
       2
       2
       1
       1
       5
       2
       0
       8
       4
       4
       3
       4
       3
       1
       1
       4
       3
       1
       3
       3
       3
       4
       5
       0
       2
       2
       1
       6
       1
       2
       3
       2
       4
       1
       3
       3
       1
       0
       0
       2
       2
       2
       0
       1
       2
       3
       3
       3
       2
       3
       4
       2
       1
       5
       0
       4
       1
       0
       4
       1
       2
       3
       3
       2
       4
       3
       1
       2
       3
       4
       2
       0
       3
       1
       3
       1
       6
       4
       0
       4
       1
       2
       6
       2
       5
       2
       1
       1
       1
       1
       2
       1
       2
       4
       2
       3
       1
       0
       5
       1
       1
       4
       2
       3
       2
       2
       5
       3
       3
       4
       7
       1
       2
       4
       2
       2
       2
       0
       1
       5
       0
       1
       3
       3
       3
       1
       2
       2
       0
       0
       0
       1
       1
       0
       1
       1
       2
       4
       4
       1
       5
       0
       7
       1
       1
       2
       4
       3
       1
       1
       2
       1
       1
       1
       1
       2
       2
       3
       2
       2
       2
       2
       0
       5
       4
       2
       2
       1
       1
       0
       3
       2
       2
       1
       3
       2
       5
       2
       0
       2
       1
       4
       2
       2
       1
       2
       2
       2
       3
       4
       0
       1
       2
       2
       1
       0
       0
       0
       1
       0
       3
       2
       0
       1
       2
       1
       1
       0
       2
       2
       2
       2
       1
       3
       2
       2
       2
       1
       0
       2
       4
       0
       2
       3
       0
       1
       2
       1
       2
       4
       1
       2
       0
       1
       0
       2
       2
       1
       2
       4
       4
       1
       0
       1
       5
       1
       1
       0
       0
       0
       0
       1
       2
       2
       2
       0
       1
       0
       1
       0
       3
       1
       0
       0
       0
       0
       1
       1
       1
       1
       2
       1
       0
       2
       3
       0
       0
       3
       2
       2
       0
       1
       1
       1
       0
       3
       0
       2
       0
       1
       2
       3
       1
       2
       1
       0
       2
       3
       2
       1
       3
       0
       1
       0
       0
       0
       0
       3
       4
       0
       0
       0
       2
       1
       1
       0
       0
       1
       2
       1
       1
       3
       1
       0
       2
       2
       1
       2
       2
       3
       0
       1
       3
       2
       4
       0
       3
       1
       3
       2
       1
       0
       3
       0
       2
       0
       0
       1
       1
       0
       1
       0
       0
       0
       2
       1
       2
       1
       1
       1
       0
       1
       1
       1
       3
       2
       1
       0
       0
       3
       0
       0
       0
       0
       1
       3
       1
       0
       0
       0
       1
       0
       1
       1
       0
       1
       1
       2
       1
       2
       1
       4
       0
       2
       1
       2
       2
       0
       1
       1
       1
       1
       0
       2
       0
       1
       2
       3
       1
       1
       1
       2
       0
       2
       2
       1
       1
       0
       0
       1
       0
       1
       1
       0
       2
       0
       0
       0
       1
       0
       0
       1
       2
       1
       0
       1
       0
       0
       1
       2
       1
       0
       2
       0
       1
       3
       2
       0
       1
       2
       0
       0
       1
       1
       3
       0
       0
       0
       0
       0
       2
       1
       1
       0
       2
       1
       2
       1
       0
       0
       0
       0
       1
       0
       0
       0
       1
       0
       2
       0
       0
       1
       0
       1
       0
       2
       2
       1
       2
       1
       0
       0
       0
       1
       2
       3
       0
       0
       0
       1
       0
       2
       1
       0
       1
       2
       0
       0
       1
       1
       0
       2
       3
       0
       2
       1
       4
       1
       3
       0
       0
       1
       0
       0
       1
       3
       2
       0
       1
       3
       0
       0
       2
       2
       0
       0
       1
       1
       3
       0
       0
       0
       2
       0
       1
       1
       1
       1
       1
       0
       0
       1
       0
       0
       1
       3
       1
       0
       0
       2
       1
       1
       0
       0
       0
       0
       0
       1
       1
       0
       0
       1
       0
       0
       0
       1
       0
       1
       2
       0
       1
       0
       1
       0
       0
       2
       1
       0
       1
       0
       0
       2
       2
       0
       0
       4
       1
       2
       0
       0
       1
       1
       1
       0
       0
       1
       1
       0
       2
       0
       0
       1
       1
       2
       0
       0
       0
       0
       0
       1
       0
       2
       3
       0
       1
       0
       0
       0
       2
       1
       1
       0
       1
       0
       2
       0
       1
       1
       1
       0
       2
       0
       2
       2
       0
       0
       2
       1
       0
       2
       0
       1
       0
       1
       0
       0
       0
       1
       0
       0
       1
       1
       0
       2
       2
       1
       0
       2
       1
       1
       0
       0
       0
       1
       0
       2
       0
       1
       1
       0
       0
       0
       0
       1
       2
       0
       2
       1
       0
       0
       1
       1
       1
       1
       1
       0
       0
       1
       1
       0
       0
       0
       1
       0
       1
       0
       0
       0
       0
       0
       0
       0
       2
       0
       0
       0
       0
       1
       0
       0
       1
       0
       3
       1
       0
       1
       0
       0
       0
       1
       0
       1
       0
       1
       0
       1
       0
       0
       0
       1
       0
       1
       1
       0
       0
       1
       1
       0
       1
       0
       1
       2
       2
       1
       0
       1
       1
       0
       1
       2
       0
       0
       2
       2
       0
       0
       0
       1
       0
       1
       0
       0
       2
       1
       0
       0
       0
       1
       1
       0
       0
       1
       0
       0
       2
       2
       0
       0
       0
       0
       1
       0
       0
       1
       0
       2
       2
       1
       1
       0
       0
       0
       2
       0
       0
       1
       1
       1
       2
       1
       1
       1
       0
       1
       0
       0
       1
       0
       1
       1
       0
       0
       0
       1
       1
       0
       0
       0
       0
       0
       0
       1
       0
       1
       0
       1
       0
       2
       1
       2
       1
       3
       0
       0
       2
       1
       0
       1
       0
       0
       1
       0
       1
       1
       0
       0
       1
       1
       2
       1
       0
       0
       1
       0
       0
       1
       0
       0
       0
       2
       0
       0
       0
       0
       0
       2
       0
       0
       1
       0
       0
       0
       0
       1
       1
       1
       0
       0
       1
       0
       0
       0
       1
       0
       0
       0
       0
       0
       0
       1
       1
       2
       2
       0
       0
       1
       1
       0
       1
       0
       0
       0
       0
       0
       4
       1
       0
       0
       0
       1
       1
       1
       1
       0
       1
       0
       0
       0
       0
       3
       0
       1
       1
       0
       0
       0
       0
       0
       1
       0
       0
       3
       1
       1
       0
       0
       0
       0
       2
       1
       0
       0
       0
       0
       0
       0
       0
       0
       0
       0
       2
       0
       1
       1
       0
       1
       0
       1
       0
       0
       1
       0
       3
       0
       0
       0
       1
       0
       1
       1
       2
       1
       1
       0
       0
       2
       1
       3
       0
       0
       1
       0
       1
       2
       0
       1
       0
       1
       1
       2
       0
       0
       1
       0
       0
       0
       0
       0
       0
       1
       1
       1
       0
       0
       0
       0
       0
       0
       0
       2
       0
       0
       0
       0
       1
       1
       0
       2
       0
       0
       0
       1
       0
       2
       1
       0
       0
       0
       0
       0
       0
       1
       0
       1
       1
       0
       2
       0
       0
       0
       1
       0
       0
       2
       1
       0
       1
       0
       1
       0
       1
       0
       2
       1
       0
       1
       1
       0
       1
       0
       0
       0
       0
       0
       0
       1
       1
       0
       0
       0
       2
       0
       0
       1
       0
       0
       1
       1
       0
       1
       0
       0
       1
       1
       0
       0
       1
       0
       1
       0
       1
       1
       0
       1
       0
       0
       0
       0
       1
       0
       0
       0
       2
       0
       0
       0
       0
       0
       0
       0
       0
       2
       0
       0
       0
       1
       1
       0
       1
       0
       0
       1
       0
       0
       0
       0
       0
       1
       1
       0
       0
       1
       0
       2
       0
       0
       1
       1
       1
       1
       0
       2
       0
       0
       1
       0
       0
       1
       0
       0
       1
       1
       0
       0
       1
       0
       0
       1
       0
       4
       0
       1
       1
       0
       0
       1
       0
       0
       2
       0
       0
       1
       1
       1
       0
       0
       0
       1
       1
       0
       0
       0
       1
       1
       0
       0
       0
       0
       0
       0
       1
       0
       0
       0
       1
       2
       1
       0
       1
       0
       0
       0
       0
       0
       0
       0
       0
       0
       0
       0
       1
       0
       0
       0
       0
       0
       2
       0
       0
       0
       0
       0
       2
       2
       1
       3
       1
       0
       0
       1
       1
       0
       1
       0
       0
       0
       0
       0
       1
       0
       0
       0
       1
       0
       0
       1
       1
       0
       0
       0
       2
       0
       0
       2
       2
       0
       1
       0
       1
       0
       2
       0
       0
       2
       0
       0
       0
       0
       0
       2
       0
       2
       2
       1
       1
       1
       0
       1
       1
       0
       0
       0
       0
       0
       0
       2
       1
       0
       1
       0
       0
       0
       0
       0
       1
       0
       0
       0
       1
       0
       0
       0
       2
       1
       0
       2
       0
       1
       0
       0
       0
       1
       0
       0
       1
       1
       1
       1
       0
       3
       1
       0
       0
       1
       1
       0
       0
       1
       0
       1
       0
       0
       0
       0
       0
       0
       0
       1
       1
       1
       0
       0
       0
       0
       0
       2
       0
       0
       1
       0
       0
       0
       0
       1
       1
       1
       0
       1
       0
       0
       0
       0
       0
       0
       1
       0
       1
       0
       1
       1
       1
       0
       0
       0
       0
       0
       1
       1
       1
       1
       1
       1
       0
       0
       0
       1
       0
       1
       0
       0
       1
       0
       0
       0
       0
       0
       0
       0
       0
       1
       0
       1
       0
       2
       0
       0
       2
       0
       0
       0
       0
       1
       0
       0
       0
       0
       0
       0
       0
       0
       0
       0
       1
       0
       0
       0
       0
       0
       0
       1
       0
       0
       2
       0
       2
       0
       0
       0
       1
       0
       0
       0
       1
       1
       0
       0
       1
       0
       0
       1
       0
       1
       0
       0
       0
       0
       0
       0
       0
       0
       0
       0
       1
       0
       0
       1
       1
       1
       0
       1
       0
       0
       0
       0
       0
       0
       0
       0
       0
       0
       0
       0
       1
       0
       0
       0
       1
       0
       0
       0
       0
       0
       0
       0
       1
       1
       1
       0
       1
       1
       1
       2
       0
       4
       0
       0
       0
       0
       0
       0
       0
       0
       0
       0
       0
       0
       0
       1
       1
       0
       0
       0
       0
       0
       0
       1
       1
       1
       0
       1
       0
       0
       0
       0
       0
       0
       1
       0
       0
       0
       0
       0
       0
       0
       2
       0
       0
       0
       0
       2
       1
       1
       0
       0
       0
       0
       0
       1
       0
       2
       0
       0
       0
       2
       1
       0
       0
       0
       0
       0
       0
       0
       1
       0
       0
       0
       0
       1
       1
       0
       0
       0
       0
       0
       1
       1
       0
       1
       0
       1
       0
       0
       0
       0
       0
       0
       1
       0
       0
       0
       0
       0
       0
       0
       0
       0
       0
       0
       0
       0
       0
       1
       1
       0
       2
       0
       0
       0
       0
       0
       1
       0
       0
       0
       0
       0
       0
       0
       0
       0
       1
       0
       0
       0
       0
       0
       1
       0
       0
       0
       0
       0
       0
       0
       0
       0
       0
       1
       0
       0
       0
       1
       0
       0
       1
       0
       0
       0
       1
       0
       0
       0
       1
       0
       1
       1
       0
       0
       0
       1
       0
       0
       0
       0
       0
       1
       0
       0
       0
       1
       1
       1
       0
       0
       0
       0
       0
       0
       0
       0
       0
       1
       0
       0
       0
       0
       0
       0
       0
       0
       0
       0
       0
       0
       1
       1
       0
       0
       0
       0
       0
       0
       1
       0
       0
       0
       0
       0
       0
       1
       0
       0
       0
       0
       0
       0
       0
       0
       0
       0
       1
       0
       0
       0
       0
       0
       0
       1
       0
       0
       1
       0
       0
       0
       0
       0
       0
       0
       1
       0
       0
       0
       0
       0
       0
       0
       0
       1
       0
       0
       1
       0
       0
       1
       0
       0
       0
       0
       0
       0
       0
       0
       1
       0
       0
       0
       1
       0
       1
       0
       1
       0
       0
       0
       0
       0
       0
       0
       0
       0
       0
       0
       0
       0
       0
       0
       1
       0
       3
       0
       0
       1
       0
       0
       0
       0
       0
       0
       0
       0
       0
       0
       0
       0
       0
       0
       0
       0
       0
       0
       0
       0
       0
       0
       0
       0
       0
       0
       0
       0
       0
       1
       1
       0
       0
       0
       0
       1
       0
       0
       0
       0
       0
       0
       0
       0
       0
       0
       0
       0
       1
       0
       1
       0
       1
       0
       0
       0
       1
       0
       0
       0
       0
       0
       0
       1
       0
       0
       1
       0
       1
       0
       0
       1
       1
       0
       0
       1
       0
       0
       0
       1
       0
       0
       0
       0
       0
       0
       0
       0
       0
       1
       0
       0
       0
       0
       0
       1
       0
       0
       0
       0
       0
       1
       0
       0
       1
       0
       0
       0
       0
       0
       0
       0
       0
       0
       0
       0
       0
       0
       0
       1
       0
       0
       1
       0
       0
       0
       1
       0
       1
       0
       0
       0
       0
       1
       0
       0
       1
       0
       0
       0
       1
       0
       0
       0
       0
       0
       0
       0
       0
       0
       0
       0
       0
       0
       0
       0
       0
       0
       0
       0
       0
       0
       0
       0
       0
       0
       0
       0
       0
       0
       0
       0
       0
       0
       0
       0
       0
       0
       0
       1
       0
       0
       1
       0
       0
       0
       0
       0
       0
       0
       0
       0
       0
       0
       0
       0
       0
       0
       0
       0
       0
       0
       0
       0
       0
       1
       0
       0
       0
       0
       0
       2
       2
       0
       0
       0
       1
       0
       0
       0
       0
       0
       0
       0
       1
       0
       0
       0
       0
       0
       0
       0
       1
       0
       0
       0
       0
       0
       0
       0
       0
       0
       0
       0
       0
       0
       0
       0
       0
       0
       0
       1
       0
       0
       0
       1
       0
       0
       0
       0
       0
       0
       0
       0
       0
       1
       0
       0
       0
       0
       1
       0
       0
       0
       0
       0
       0
       0
       1
       1
       0
       0
       3
       0
       0
       1
       0
       0
       0
       0
       0
       0
       0
       0
       0
       1
       0
       0
       0
       0
       0
       0
       0
       0
       0
       0
       0
       0
       0
       0
       0
       0
       0
       0
       0
       0
       1
       0
       0
       0
       0
       0
       1
       0
       0
       0
       0
       0
       0
       0
       0
       0
       1
       0
       0
       0
       0
       0
       0
       0
       0
       1
       0
       0
       0
       0
       1
       0
       0
       0
       0
       0
       0
       0
       0
       0
       0
       1
       0
       0
       0
       0
       0
       0
       0
       0
       0
       0
       0
       0
       0
       0
       0
       0
       0
       0
       0
       0
       0
       0
       0
       0
       0
       0
       0
       0
       0
       0
       0
       0
       0
       0
       0
       0
       0
       0
       1
       0
       0
       0
       0
       0
       0
       0
       0
       0
       0
       0
       1
       0
       0
       0
       0
       0
       0
       0
       0
       0
       0
       0
       0
       0
       0
       0
       0
       0
       0
       0
       0
       0
       0
       0
       0
       0
       0
       0
       0
       0
       0
       0
       0
       0
       0
       0
       0
       0
       0
       0
       0
       0
       0
       0
       0
       0
       1
       0
       0
       1
       0
       0
       1
       0
       1
       1
       0
       0
       0
       0
       0
       0
       0
       0
       2
       0
       0
       0
       0
       0
       0
       0
       0
       0
       0
       1
       0
       0
       0
       0
       0
       0
       0
       0
       0
       0
       1
       0
       0
       0
       1
       0
       0
       0
       0
       0
       0
       0
       0
       0
       0
       0
       0
       0
       0
       0
       0
       0
       1
       0
       0
       1
       0
       0
       0
       0
       0
       0
       0
       0
       0
       0
       0
       0
       0
       0
       0
       0
       0
       0
       0
       0
       0
       0
       0
       1
       0
       0
       0
       0
       1
       0
       0
       1
       0
       0
       0
       0
       0
       0
       0
       0
       0
       0
       0
       1
       0
       0
       1
       0
       0
       0
       1
       0
       0
       0
       0
       0
       0
       0
       0
       0
       0
       0
       0
       1
       0
       0
       1
       0
       0
       1
       0
       0
       0
       0
       0
       1
       0
       0
       1
       0
       0
       0
       0
       0
       0
       0
       0
       0
       0
       0
       0
       0
       0
       0
       0
       0
       0
       0
       0
       0
       0
       0
       0
       1
       1
       0
       0
       0
       0
       0
       0
       0
       0
       0
       0
       0
       0
       1
       0
       0
       0
       0
       0
       0
       1
       0
       0
       0
       1
       0
       1
       0
       0
       0
       0
       1
       0
       0
       0
       1
       0
       1
       0
       0
       0
       0
       0
       0
       0
       0
       0
       0
       1
       0
       0
       0
       0
       0
       0
       0
       0
       0
       1
       0
       0
       0
       0
       0
       0
       1
       0
       0
       0
       0
       0
       0
       0
       0
       0
       0
       0
       0
       0
       0
       0
       0
       0
       0
       0
       0
       1
       0
       0
       0
       0
       1
       0
       0
       0
       0
       0
       0
       0
       0
       0
       1
       0
       0
       0
       0
       0
       0
       0
       0
       1
       0
       0
       0
       0
       0
       0
       1
       0
       0
       0
       0
       0
       0
       0
       0
       0
       0
       0
       0
       0
       0
       0
       0
       1
       0
       0
       0
       0
       0
       0
       0
       0
       0
       0
       0
       0
       0
       0
       0
       0
       0
       0
       0
       0
       0
       0
       0
       2
       0
       0
       0
       0
       0
       0
       0
       0
       0
       0
       0
       0
       0
       0
       0
       0
       0
       0
       0
       0
       0
       0
       1
       0
       0
       1
       0
       0
       0
       0
       0
       0
       0
       0
       0
       0
       0
       0
       0
       2
       0
       0
       0
       0
       0
       0
       0
       0
       0
       0
       0
       0
       0
       0
       0
       0
       0
       1
       0
       0
       0
       1
       0
       0
       0
       0
       0
       1
       0
       1
       0
       0
       0
       0
       0
       0
       0
       0
       1
       0
       1
       0
       0
       1
       0
       0
       0
       0
       0
       0
       0
       0
       0
       0
       0
       0
       0
       2
       0
       0
       0
       0
       0
       0
       0
       1
       0
       0
       0
       0
       0
       0
       0
       0
       0
       0
       0
       0
       0
       1
       0
       2
       0
       0
       0
       0
       0
       0
       0
       0
       0
       0
       1
       1
       0
       0
       0
       0
       0
       0
       0
       0
       0
       0
       0
       0
       0
       0
       0
       0
       0
       0
       0
       0
       0
       0
       0
       0
       0
       0
       0
       0
       0
       0
       0
       0
       1
       0
       0
       0
       0
       1
       0
       0
       1
       0
       0
       0
       0
       0
       1
       0
       0
       0
       0
       0
       0
       1
       0
       0
       0
       0
       0
       0
       0
       0
       0
       1
       0
       1
       1
       1
       0
       0
       1
       0
       0
       0
       0
       0
       0
       0
       0
       0
       0
       1
       1
       1
       1
       1
       0
       0
       0
       0
       1
       0
       0
       0
       1
       0
       0
       0
       0
       0
       0
       0
       0
       0
       0
       1
       0
       0
       0
       0
       0
       0
       0
       0
       0
       0
       1
       0
       2
       0
       0
       1
       0
       0
       0
       1
       0
       0
       0
       0
       1
       0
       0
       1
       0
       1
       0
       0
       0
       0
       0
       0
       0
       0
       0
       0
       0
       0
       1
       2
       0
       0
       0
       0
       0
       0
       0
       0
       0
       0
       0
       1
       0
       0
       0
       0
       0
       0
       0
       0
       0
       1
       0
       0
       0
       0
       0
       1
       0
       0
       0
       0
       0
       0
       0
       0
       0
       0
       1
       1
       0
       0
       0
       1
       0
       0
       2
       0
       1
       1
       3
       0
       3
       1
       1
       0
       0
       2
       0
       0
       1
       0
       0
       0
       3
       1
       1
       1
       1
       1
       0
       0
       0
       2
       1
       2
       2
       0
       2
       1
       1
       4
       2
       2
       1
       4
       4
       5
       7
       4
       3
       1
       0
       0
       0
       0
       0
       0
       0
       0
       0
       0
       0
       0
       0
       0
       0
       0
       0
       0
       0
       0
       0
       0
       0
       0
       0
       0
       0
       0
       0
       0
       0
       0
       0
       0
       0
       0
       0
       0
       0
       0
       0
       0
       0
       0
       0
       0
       0
       0
       0
       0
       0
       0
       0
       0
       0
       0
       0
       0
       0
       0
       0
       0
       0
       0
       0
       0
       0
       0
       0
       0
       0
       0
       0
       0
       0
       0
       0
       0
       0
       0
       0
       0
       0
       0
       0
       0
       0
       0
       0
       0
       0
       0
       0
       0
       0
       0
       0
       0
       0
       0
       0
       0
       0
       0
       0
       0
       0
       0
       0
       0
       0
       0
       0
       0
       0
       0
       0
       0
       0
       0
       0
       0
       0
       0
       0
       0
       0
       0
       0
       0
       0
       0
       0
       0
       0
       0
       0
       0
       0
       0
       0
       0
       0
       0
       0
       0
       0
       0
       0
       0
       0
       0
       0
       0
       0
       0
       0
       0
       0
       0
       0
       0
       0
       0
       0
       0
       0
       0
       0
       0
       0
       0
       0
       0
       0
       0
       0
       0
       0
       0
       0
       0
       0
       0
       0
       0
       0
       0
       0
       0
       0
       0
       0
       0
       0
       0
       0
       0
       0
       0
       0
       0
       0
       0
       0
       0
       0
       0
       0
       0
       0
       0
       0
       0
       0
       0
       0
       0
       0
       0
       0
       0
       0
       0
       0
       0
       0
       0
       0
       0
       0
       0
       0
       0
       0
       0
       0
       0
       0
       0
       0
       0
       0
       0
       0
       0
       0
       0
       0
       0
       0
       0
       0
       0
       0
       0
       0
       0
       0
       0
       0
       0
       0
       0
       0
       0
       0
       0
       0
       0
       0
       0
       0
       0
       0
       0
       0
       0
       0
       0
       0
       0
       0
       0
       0
       0
       0
       0
       0
       0
       0
       0
       0
       0
       0
       0
       0
       0
       0
       0
       0
       0
       0
       0
       0
       0
       0
       0
       0
       0
       0
       0
       0
       0
       0
       0
       0
       0
       0
       0
       0
       0
       0
       0
       0
       0
       0
       0
       0
       0
       0
       0
       0
       0
       0
       0
       0
       0
       0
       0
       0
       0
       0
       0
       0
       0
       0
       0
       0
       0
       0
       0
       0
       0
       0
       0
       0
       0
       0
       0
       0
       0
$ROI:
3
5 213
215 1972
4034 4072
$PRESETS:
None
0
0
$ENER_FIT:
0.000000 0.000000
$MCA_CAL:
3
0.000000E+000 0.000000E+000 0.000000E+000 
$SHAPE_CAL:
3
0.000000E+000 0.000000E+000 0.000000E+000
