$SPEC_ID:
Silicon
$SPEC_REM:
DET# 3
DETDESC# 78-GP-NB0025 Model 928 SN 15355078
AP# Maestro Version 7.01
$DATE_MEA:
03/19/2024 21:23:11
$MEAS_TIM:
1034 1135
$DATA:
0 4095
       0
       0
       0
       0
       0
       0
       0
       0
       0
       0
       0
  145768
 6191405
 2322611
 1521955
 1291386
 1109517
  952667
  811872
  690994
  589438
  503634
  431972
  372879
  324652
  282353
  247551
  217369
  191679
  169269
  149893
  132422
  116218
  103558
   91957
   81365
   71167
   63248
   55435
   49292
   42989
   38110
   33268
   29076
   25579
   22138
   19758
   17326
   15102
   13051
   11350
   10213
    8854
    7790
    6755
    6042
    5374
    4744
    4232
    3831
    3427
    3097
    2729
    2447
    2288
    2040
    1889
    1728
    1611
    1485
    1412
    1275
    1149
    1124
    1115
    1023
     946
     893
     825
     837
     771
     785
     679
     680
     605
     621
     604
     586
     551
     548
     485
     497
     510
     477
     456
     503
     400
     433
     450
     387
     397
     356
     378
     365
     379
     370
     367
     351
     321
     342
     303
     279
     308
     304
     303
     279
     271
     291
     281
     256
     244
     245
     267
     236
     249
     209
     227
     226
     216
     224
     193
     216
     188
     181
     209
     179
     184
     174
     166
     168
     140
     157
     165
     185
     148
     154
     157
     161
     152
     151
     147
     119
     132
     147
     115
     114
     139
     126
     121
     141
     136
     115
     103
     119
     109
     118
     126
     125
     118
     124
      99
     110
     100
     113
     110
     111
      89
     102
      97
     102
     100
     112
      98
      87
      99
     100
      91
      98
      88
      70
      73
      92
      79
      76
      90
      77
      81
      77
      69
      95
      72
      79
      64
      72
      78
      80
      81
      65
      69
      80
      77
      63
      54
      60
      65
      64
      52
      60
      65
      61
      55
      70
      51
      48
      54
      59
      64
      61
      50
      59
      45
      63
      60
      64
      49
      59
      64
      50
      57
      51
      31
      41
      44
      51
      54
      44
      40
      46
      34
      49
      50
      49
      31
      49
      40
      40
      41
      37
      43
      36
      38
      44
      38
      37
      32
      51
      32
      46
      40
      41
      41
      47
      32
      35
      40
      58
      36
      34
      40
      29
      35
      32
      45
      34
      41
      30
      39
      29
      34
      43
      35
      42
      30
      32
      29
      24
      34
      29
      28
      35
      25
      28
      28
      30
      31
      30
      39
      27
      29
      26
      38
      20
      32
      27
      21
      31
      23
      17
      22
      29
      26
      36
      39
      26
      29
      23
      17
      29
      24
      25
      20
      26
      33
      24
      22
      25
      23
      22
      21
      32
      21
      26
      27
      25
      19
      19
      17
      25
      16
      21
      27
      16
      23
      16
      21
      20
      28
      24
      30
      14
      19
      15
      21
      25
      23
      20
      16
      18
      17
      19
      23
      17
      19
      24
      18
      15
      21
      18
      13
      38
      26
      17
      20
      22
      20
      19
       6
      19
      21
      18
      20
      16
      18
      14
      19
      18
       6
      16
      20
      15
      11
      13
      14
      14
      17
      18
      17
      20
      18
      14
      17
      19
      14
      10
      13
      16
      11
      15
      18
      15
      13
      12
      14
      18
      16
      23
      14
      14
       5
      14
      18
      16
      18
      20
      12
      15
       7
      15
      12
      13
      11
      16
      15
      14
      13
      16
      11
      14
      11
      14
      10
       9
      10
      15
       5
      13
      13
      18
      14
      19
      14
      12
      14
       6
      11
      12
      18
      21
      11
      15
      11
      12
      17
      16
      16
       9
      15
      14
      20
      11
      17
      22
      17
      11
      13
       8
      13
      16
      13
      11
      10
      10
      11
      11
      11
      13
      12
       8
      16
      10
      15
      16
      13
       9
      18
      14
       9
      13
      14
      14
       6
      18
      13
       9
      10
      10
       9
      16
       3
       6
      11
      10
       8
       8
      12
       6
      12
      10
       8
       8
       6
      10
      11
      11
      10
       7
      11
       8
      15
      16
       9
       3
       6
      13
      12
      10
       6
       4
       7
      10
       8
       8
      14
      12
       3
       9
       7
       9
       6
       8
       6
       8
       5
       7
      18
       9
      12
       6
       8
       9
       9
      14
      11
       8
      10
       8
      10
       3
      10
       6
       7
      10
       5
       3
       6
       6
       6
       5
       6
       6
       8
      10
       9
       7
       9
       4
       3
       5
       9
       2
       9
       7
       4
       3
       6
       7
       4
       9
      13
       7
       7
      12
       6
       4
      10
       8
       5
       6
      11
       5
       7
       5
       9
       3
       7
       4
       5
       8
       8
       7
       8
      11
       7
       9
      10
       5
       5
       4
       6
       7
       4
       9
       4
       3
       5
       4
       5
       6
       5
       8
       7
       4
       5
       9
       2
      11
       2
       9
       8
       4
       9
       4
      10
       4
       8
       3
       6
       4
       6
       3
      11
       7
       7
      11
       3
       6
       6
       7
       3
       8
       9
       2
       6
      11
       5
       5
       2
       2
       3
       4
       4
       9
       4
       5
       6
       4
       5
       4
       5
       1
       3
       8
       6
       3
       7
       3
       3
      12
       3
       6
       7
       3
       6
       5
       2
       7
       4
       2
       8
       8
       2
       4
       1
       6
       3
       2
       4
       7
       4
       3
       3
       9
       6
       2
       3
       3
       9
       6
       7
       2
       1
       5
       6
       2
       4
       5
       5
       8
       2
       2
       3
       5
      10
       3
       6
       5
       0
       4
       2
       4
       6
       3
       1
       1
       3
       4
       3
       1
       5
       3
       4
       3
       4
       8
       3
       9
       3
       4
       3
       3
       0
       3
       3
       1
       2
       1
       7
       2
       2
       8
       2
       4
       4
       7
       1
       4
       3
       4
       3
       2
       6
       7
       0
       3
       3
       4
       5
       6
       2
       2
       2
       3
       4
       3
       2
       7
       4
       0
       4
       5
       3
       1
      10
       7
       5
       2
       6
       5
       2
       4
       4
       2
       1
       1
       5
       4
       6
       4
       2
       7
       5
       2
       1
       4
       2
       6
       3
       3
       3
       2
       4
       7
       4
       5
       7
       4
       4
       2
       2
       3
       1
       3
       6
       2
       5
       4
       3
       3
       2
       4
       2
       2
       5
       0
       4
       1
       3
       3
       1
       3
       5
       3
       2
       3
       5
       2
       6
       1
       2
       3
       1
       4
       5
       3
       1
       3
       1
       1
       4
       2
       3
       3
       4
       7
       2
       5
       3
       2
       2
       2
       1
       1
       1
       5
       4
       3
       6
       2
       5
       5
       3
       1
       3
       3
       0
       1
       2
       2
       3
       2
       1
       3
       3
       6
       5
       2
       4
       2
       4
       4
       3
       2
       5
       4
       2
       2
       4
       2
       0
       5
       2
       5
       3
       2
       2
       3
       2
       0
       3
       4
       2
       6
       3
       3
       3
       2
       6
       3
       3
       2
       0
       3
       2
       0
       3
       1
       0
       4
       2
       4
       4
       3
       2
       2
       2
       2
       4
       5
       1
       3
       2
       2
       1
       2
       2
       0
       2
       2
       4
       3
       0
       2
       4
       2
       4
       2
       1
       1
       5
       2
       4
       2
       1
       3
       2
       2
       3
       4
       0
       2
       1
       2
       2
       3
       2
       3
       1
       3
       3
       2
       2
       1
       2
       1
       3
       3
       0
       2
       1
       1
       3
       4
       1
       1
       0
       2
       2
       1
       4
       1
       0
       1
       0
       0
       3
       3
       3
       5
       2
       1
       2
       1
       2
       2
       3
       2
       1
       1
       1
       0
       3
       1
       4
       2
       3
       1
       0
       0
       3
       1
       0
       0
       4
       0
       1
       1
       3
       2
       1
       1
       1
       0
       3
       3
       3
       2
       2
       1
       2
       2
       0
       2
       2
       2
       1
       0
       1
       0
       2
       1
       1
       2
       1
       1
       4
       2
       3
       1
       1
       3
       1
       1
       1
       2
       1
       3
       0
       0
       1
       2
       2
       1
       1
       3
       3
       2
       1
       3
       1
       0
       1
       2
       2
       0
       2
       3
       3
       1
       0
       1
       1
       1
       2
       2
       1
       1
       0
       3
       2
       0
       0
       1
       3
       0
       2
       1
       1
       2
       3
       2
       2
       2
       1
       4
       2
       1
       1
       3
       1
       1
       0
       2
       1
       1
       2
       4
       0
       1
       0
       0
       2
       3
       3
       3
       3
       2
       2
       1
       4
       2
       3
       1
       1
       3
       4
       2
       2
       3
       3
       2
       1
       2
       1
       2
       3
       2
       0
       3
       2
       2
       0
       0
       2
       0
       1
       3
       0
       1
       2
       0
       4
       2
       0
       3
       1
       2
       0
       1
       1
       0
       1
       1
       2
       2
       3
       3
       0
       4
       5
       1
       2
       2
       1
       1
       1
       1
       0
       1
       2
       3
       0
       1
       0
       1
       3
       2
       3
       3
       0
       3
       2
       2
       5
       0
       1
       1
       1
       1
       1
       0
       0
       1
       2
       1
       0
       1
       2
       1
       1
       3
       4
       2
       1
       0
       3
       3
       1
       0
       2
       2
       0
       1
       2
       0
       2
       2
       3
       0
       2
       2
       1
       3
       2
       1
       0
       1
       1
       1
       1
       0
       2
       0
       2
       0
       1
       3
       1
       0
       1
       4
       3
       1
       2
       1
       2
       0
       3
       2
       1
       0
       1
       0
       0
       1
       0
       1
       2
       0
       3
       2
       1
       1
       0
       0
       0
       1
       0
       2
       0
       0
       2
       3
       0
       2
       0
       4
       0
       3
       0
       0
       2
       0
       1
       2
       0
       1
       1
       1
       1
       5
       1
       0
       0
       1
       1
       2
       0
       1
       0
       0
       3
       3
       0
       2
       3
       0
       1
       1
       1
       2
       4
       1
       0
       0
       1
       0
       2
       0
       3
       1
       0
       1
       1
       0
       1
       1
       2
       2
       0
       2
       0
       0
       1
       2
       0
       1
       2
       1
       2
       1
       0
       1
       1
       1
       0
       1
       0
       0
       0
       0
       1
       2
       1
       0
       1
       1
       2
       1
       0
       3
       2
       0
       3
       0
       0
       3
       2
       0
       1
       1
       0
       0
       2
       2
       0
       2
       2
       1
       0
       2
       1
       0
       1
       0
       3
       0
       1
       1
       1
       1
       0
       1
       2
       1
       2
       1
       1
       0
       0
       1
       2
       2
       0
       1
       1
       1
       0
       1
       2
       2
       0
       4
       1
       2
       1
       0
       2
       0
       0
       2
       0
       3
       0
       1
       1
       1
       0
       3
       2
       0
       0
       1
       1
       1
       0
       0
       1
       0
       2
       0
       0
       1
       0
       1
       2
       2
       0
       0
       1
       0
       2
       0
       2
       1
       0
       0
       1
       0
       2
       1
       1
       1
       0
       2
       0
       1
       0
       0
       0
       2
       3
       0
       0
       3
       2
       2
       1
       1
       3
       2
       0
       1
       1
       0
       0
       0
       0
       1
       2
       1
       4
       2
       1
       0
       1
       1
       3
       1
       1
       1
       2
       2
       2
       0
       2
       0
       3
       1
       1
       1
       0
       1
       1
       2
       1
       1
       0
       0
       1
       1
       1
       0
       2
       1
       3
       0
       1
       0
       0
       0
       2
       0
       1
       0
       2
       1
       3
       1
       1
       2
       1
       1
       0
       0
       0
       0
       0
       1
       1
       3
       0
       0
       0
       0
       0
       3
       2
       3
       1
       1
       3
       2
       0
       0
       1
       1
       1
       0
       0
       0
       0
       1
       1
       1
       1
       1
       0
       2
       1
       1
       0
       1
       2
       3
       2
       0
       2
       1
       0
       0
       0
       1
       3
       2
       2
       1
       1
       1
       1
       0
       2
       1
       0
       0
       1
       0
       2
       3
       1
       1
       1
       1
       0
       1
       0
       1
       2
       1
       0
       3
       0
       0
       3
       2
       1
       1
       0
       0
       2
       0
       0
       1
       1
       0
       2
       1
       1
       1
       1
       0
       0
       0
       2
       2
       0
       1
       0
       0
       1
       1
       0
       2
       0
       1
       0
       1
       2
       1
       1
       0
       0
       1
       1
       2
       3
       2
       1
       0
       0
       0
       0
       1
       2
       0
       1
       1
       0
       1
       1
       0
       0
       2
       0
       0
       2
       1
       1
       0
       0
       0
       1
       0
       2
       1
       2
       2
       0
       1
       1
       1
       3
       2
       1
       1
       0
       0
       2
       0
       2
       0
       1
       1
       0
       0
       1
       0
       1
       0
       1
       4
       0
       1
       0
       2
       1
       0
       1
       0
       0
       0
       0
       1
       0
       2
       0
       0
       1
       0
       1
       0
       2
       1
       1
       4
       0
       0
       0
       1
       2
       2
       0
       0
       0
       0
       2
       0
       2
       1
       0
       1
       1
       0
       1
       1
       0
       1
       1
       0
       0
       1
       0
       0
       0
       0
       0
       0
       1
       0
       2
       1
       0
       1
       1
       0
       0
       0
       1
       1
       2
       0
       1
       0
       2
       0
       1
       0
       1
       1
       1
       0
       0
       0
       1
       0
       0
       0
       1
       1
       0
       2
       3
       1
       0
       0
       0
       2
       0
       0
       1
       0
       0
       0
       1
       1
       2
       1
       0
       0
       0
       0
       2
       0
       0
       1
       1
       2
       5
       0
       1
       0
       1
       0
       1
       1
       0
       0
       0
       1
       2
       0
       1
       1
       1
       1
       2
       0
       1
       0
       1
       0
       1
       1
       0
       0
       0
       1
       1
       0
       1
       0
       1
       2
       1
       0
       0
       0
       0
       1
       0
       1
       1
       0
       0
       1
       1
       0
       1
       1
       0
       0
       0
       0
       1
       1
       1
       0
       0
       0
       1
       1
       1
       1
       3
       1
       0
       0
       1
       1
       1
       0
       0
       0
       0
       0
       0
       1
       0
       1
       2
       0
       0
       1
       3
       0
       2
       2
       0
       0
       0
       0
       0
       0
       2
       0
       0
       2
       1
       1
       2
       1
       0
       0
       0
       1
       0
       0
       0
       0
       0
       0
       1
       0
       0
       1
       0
       1
       0
       1
       0
       1
       1
       0
       0
       0
       0
       2
       0
       1
       0
       1
       0
       0
       1
       0
       0
       1
       0
       0
       1
       0
       1
       0
       0
       1
       0
       0
       1
       1
       1
       1
       0
       0
       0
       2
       0
       1
       0
       0
       0
       0
       0
       1
       2
       1
       0
       0
       1
       0
       0
       3
       1
       1
       2
       2
       0
       1
       0
       1
       0
       0
       0
       0
       3
       1
       1
       1
       0
       0
       1
       0
       0
       1
       0
       2
       0
       0
       0
       1
       1
       3
       1
       1
       0
       3
       0
       0
       0
       0
       0
       0
       1
       1
       0
       1
       0
       1
       1
       0
       2
       0
       0
       0
       2
       1
       0
       0
       0
       0
       1
       3
       1
       0
       1
       0
       0
       1
       1
       0
       0
       1
       3
       0
       1
       0
       1
       0
       0
       1
       2
       1
       0
       1
       0
       0
       1
       0
       1
       1
       0
       0
       0
       0
       0
       1
       1
       0
       0
       1
       1
       0
       0
       1
       0
       1
       0
       0
       0
       1
       1
       0
       0
       0
       0
       0
       0
       2
       0
       0
       0
       0
       0
       0
       0
       1
       0
       0
       0
       0
       0
       1
       0
       0
       0
       0
       0
       0
       0
       2
       0
       0
       2
       2
       1
       0
       1
       1
       0
       0
       0
       0
       1
       0
       0
       0
       1
       0
       0
       0
       1
       0
       0
       0
       1
       0
       1
       0
       0
       0
       1
       0
       0
       1
       1
       1
       0
       2
       0
       1
       0
       2
       0
       1
       1
       0
       0
       2
       0
       1
       1
       2
       0
       1
       0
       0
       0
       0
       1
       0
       0
       2
       0
       0
       0
       0
       1
       0
       0
       0
       0
       0
       0
       2
       2
       1
       0
       0
       0
       0
       0
       0
       1
       0
       0
       0
       0
       0
       3
       0
       0
       0
       2
       0
       2
       0
       0
       0
       0
       0
       0
       2
       1
       0
       0
       1
       0
       0
       1
       0
       0
       0
       2
       0
       0
       1
       0
       0
       1
       0
       0
       0
       0
       1
       0
       0
       0
       0
       0
       0
       0
       0
       1
       1
       0
       0
       1
       1
       1
       1
       0
       0
       0
       0
       0
       0
       0
       2
       0
       0
       0
       1
       0
       0
       0
       0
       0
       1
       1
       0
       0
       0
       2
       0
       1
       0
       0
       0
       0
       0
       1
       1
       1
       1
       1
       1
       0
       0
       0
       0
       0
       1
       0
       0
       0
       1
       1
       0
       0
       0
       0
       0
       0
       0
       0
       0
       0
       0
       0
       0
       0
       1
       0
       1
       0
       0
       0
       0
       0
       0
       0
       0
       0
       0
       0
       0
       0
       0
       0
       0
       1
       0
       0
       0
       1
       1
       1
       0
       0
       0
       0
       1
       0
       0
       0
       1
       0
       0
       0
       0
       0
       2
       1
       0
       0
       1
       0
       0
       2
       0
       0
       0
       0
       0
       0
       0
       1
       1
       0
       0
       0
       0
       0
       0
       0
       0
       0
       0
       0
       0
       0
       0
       1
       0
       0
       0
       0
       0
       0
       0
       0
       0
       0
       1
       0
       0
       0
       0
       0
       0
       0
       0
       0
       0
       0
       0
       0
       1
       0
       0
       0
       0
       0
       0
       2
       1
       0
       1
       0
       0
       0
       0
       0
       0
       1
       0
       0
       0
       0
       0
       1
       1
       0
       0
       0
       0
       0
       0
       0
       0
       1
       2
       0
       1
       0
       0
       0
       0
       0
       0
       0
       0
       0
       0
       0
       0
       1
       0
       1
       0
       0
       0
       0
       0
       0
       1
       1
       0
       1
       2
       0
       1
       0
       0
       0
       0
       0
       0
       0
       2
       0
       0
       0
       1
       0
       0
       0
       0
       0
       2
       1
       0
       1
       1
       1
       0
       0
       1
       0
       0
       0
       0
       0
       0
       1
       0
       1
       1
       0
       0
       0
       2
       0
       0
       0
       0
       0
       0
       0
       1
       1
       0
       0
       0
       0
       1
       0
       1
       0
       0
       0
       0
       0
       0
       0
       0
       0
       1
       1
       0
       0
       0
       0
       0
       0
       0
       0
       0
       0
       1
       0
       1
       0
       0
       0
       0
       0
       1
       1
       0
       2
       1
       0
       1
       0
       0
       1
       1
       0
       0
       2
       0
       0
       1
       0
       0
       0
       2
       0
       0
       0
       0
       1
       0
       0
       1
       0
       0
       0
       0
       0
       0
       0
       0
       0
       0
       0
       0
       0
       0
       1
       0
       0
       0
       0
       1
       0
       0
       0
       1
       0
       1
       0
       2
       0
       0
       1
       0
       1
       2
       0
       0
       1
       0
       0
       0
       0
       0
       0
       0
       0
       0
       0
       0
       0
       0
       0
       0
       0
       0
       0
       0
       0
       0
       0
       0
       0
       0
       0
       0
       0
       0
       1
       1
       0
       0
       0
       0
       0
       0
       0
       0
       0
       0
       0
       0
       0
       0
       0
       1
       0
       0
       0
       0
       0
       0
       0
       0
       0
       1
       0
       1
       0
       0
       0
       1
       0
       0
       0
       0
       0
       0
       0
       1
       1
       0
       0
       0
       0
       0
       1
       0
       0
       0
       0
       0
       1
       0
       0
       0
       0
       0
       0
       0
       0
       0
       0
       1
       1
       0
       1
       0
       0
       0
       0
       1
       2
       0
       0
       0
       1
       0
       1
       0
       1
       0
       1
       1
       1
       0
       0
       0
       0
       0
       0
       0
       0
       0
       0
       0
       0
       0
       0
       2
       0
       0
       0
       0
       0
       0
       0
       0
       0
       0
       1
       0
       0
       0
       0
       0
       0
       0
       1
       0
       0
       0
       0
       0
       1
       1
       0
       0
       1
       0
       1
       0
       0
       0
       0
       1
       0
       0
       1
       0
       0
       0
       0
       0
       0
       0
       0
       0
       1
       0
       0
       1
       0
       0
       0
       0
       1
       0
       0
       0
       0
       0
       0
       0
       0
       0
       0
       0
       0
       0
       0
       0
       1
       1
       0
       0
       0
       1
       1
       0
       0
       0
       2
       0
       1
       2
       0
       0
       1
       0
       0
       0
       1
       0
       0
       0
       0
       0
       0
       0
       0
       0
       0
       1
       0
       1
       0
       1
       0
       0
       1
       0
       0
       0
       0
       0
       1
       1
       0
       0
       0
       0
       0
       1
       0
       0
       0
       2
       0
       0
       1
       0
       0
       0
       0
       0
       0
       0
       0
       0
       0
       0
       0
       0
       0
       1
       0
       0
       0
       0
       1
       0
       1
       0
       1
       0
       0
       0
       0
       0
       1
       0
       0
       0
       2
       1
       0
       0
       1
       0
       0
       0
       0
       0
       0
       0
       1
       1
       1
       0
       0
       0
       0
       0
       0
       1
       0
       1
       0
       0
       0
       1
       0
       0
       0
       0
       0
       0
       0
       0
       0
       0
       0
       0
       0
       0
       0
       0
       0
       0
       0
       0
       0
       0
       0
       0
       0
       1
       0
       1
       1
       0
       1
       1
       0
       0
       0
       0
       0
       0
       0
       0
       1
       0
       1
       1
       0
       1
       0
       0
       0
       0
       0
       0
       0
       0
       0
       0
       0
       0
       0
       0
       0
       0
       1
       0
       0
       0
       0
       0
       0
       0
       0
       0
       0
       0
       0
       0
       0
       0
       0
       0
       1
       0
       0
       0
       0
       0
       0
       0
       0
       0
       1
       0
       0
       0
       0
       0
       1
       0
       1
       0
       1
       0
       0
       0
       0
       1
       0
       0
       0
       0
       0
       0
       0
       0
       1
       0
       0
       1
       0
       0
       0
       0
       1
       1
       2
       0
       0
       0
       2
       1
       1
       0
       0
       0
       0
       1
       0
       1
       0
       0
       1
       0
       0
       0
       0
       0
       0
       0
       0
       0
       0
       0
       0
       0
       1
       0
       0
       0
       0
       0
       0
       0
       0
       0
       0
       0
       0
       0
       0
       1
       0
       0
       0
       0
       0
       0
       0
       0
       0
       0
       0
       1
       0
       0
       0
       1
       1
       0
       0
       0
       0
       0
       0
       0
       0
       0
       0
       0
       0
       0
       1
       0
       0
       0
       0
       0
       1
       0
       0
       1
       0
       0
       0
       0
       0
       0
       1
       0
       0
       1
       0
       0
       0
       0
       0
       0
       0
       0
       0
       0
       0
       0
       1
       0
       0
       0
       0
       0
       0
       0
       0
       0
       0
       1
       1
       0
       0
       0
       0
       1
       0
       1
       3
       0
       0
       1
       1
       0
       1
       0
       1
       0
       0
       0
       0
       0
       0
       0
       0
       0
       0
       0
       0
       0
       0
       0
       0
       0
       0
       0
       0
       0
       0
       0
       0
       0
       0
       0
       0
       1
       0
       0
       0
       0
       1
       0
       0
       0
       0
       0
       0
       0
       0
       0
       0
       0
       0
       0
       0
       0
       0
       0
       0
       0
       0
       0
       1
       0
       0
       0
       0
       0
       0
       0
       0
       0
       0
       2
       1
       0
       0
       0
       0
       0
       0
       0
       0
       1
       0
       0
       0
       0
       0
       1
       0
       0
       0
       0
       0
       0
       1
       0
       0
       0
       0
       0
       0
       0
       0
       0
       0
       0
       0
       0
       0
       0
       0
       0
       0
       0
       0
       0
       1
       0
       0
       0
       0
       0
       0
       0
       1
       0
       0
       0
       0
       0
       0
       0
       0
       0
       0
       0
       0
       0
       0
       0
       0
       1
       0
       0
       0
       0
       0
       0
       0
       1
       1
       0
       0
       0
       0
       0
       0
       0
       0
       0
       0
       1
       0
       1
       0
       1
       0
       0
       1
       0
       0
       0
       0
       0
       0
       0
       0
       0
       0
       0
       0
       0
       0
       1
       0
       0
       1
       0
       0
       0
       0
       0
       1
       0
       0
       0
       0
       0
       0
       0
       0
       0
       1
       0
       0
       0
       0
       0
       0
       0
       0
       0
       0
       0
       0
       0
       1
       0
       0
       0
       0
       0
       0
       0
       0
       0
       0
       0
       1
       0
       0
       0
       1
       0
       0
       0
       0
       0
       1
       0
       1
       0
       0
       0
       0
       0
       0
       0
       1
       0
       0
       1
       0
       0
       0
       0
       0
       0
       0
       0
       0
       0
       0
       0
       0
       0
       0
       0
       0
       0
       0
       0
       1
       0
       0
       0
       0
       0
       0
       1
       0
       0
       0
       0
       0
       0
       0
       0
       0
       0
       0
       0
       0
       0
       0
       0
       0
       0
       0
       0
       0
       1
       0
       1
       0
       0
       0
       0
       0
       0
       0
       0
       0
       0
       0
       0
       0
       0
       0
       0
       0
       0
       0
       1
       0
       1
       0
       0
       0
       0
       0
       0
       0
       0
       0
       0
       0
       0
       0
       0
       0
       0
       0
       0
       0
       0
       0
       0
       0
       0
       1
       0
       0
       0
       0
       0
       0
       0
       0
       0
       0
       0
       0
       0
       0
       0
       0
       0
       0
       0
       0
       0
       1
       0
       1
       0
       1
       0
       0
       0
       0
       1
       0
       0
       0
       0
       1
       0
       0
       0
       0
       0
       0
       0
       0
       0
       0
       0
       0
       0
       0
       0
       0
       1
       0
       0
       0
       0
       0
       0
       0
       0
       0
       0
       0
       0
       0
       0
       0
       0
       1
       1
       0
       0
       0
       1
       0
       0
       0
       1
       0
       0
       0
       0
       0
       0
       0
       0
       0
       0
       0
       0
       0
       0
       0
       0
       0
       0
       1
       1
       2
       1
       0
       0
       0
       0
       0
       0
       0
       0
       0
       0
       0
       1
       0
       2
       0
       0
       0
       0
       1
       0
       0
       0
       1
       0
       0
       0
       0
       0
       0
       0
       0
       0
       1
       0
       1
       0
       0
       0
       0
       0
       0
       0
       0
       0
       0
       0
       0
       0
       0
       0
       0
       0
       1
       0
       0
       0
       0
       0
       0
       0
       0
       0
       0
       0
       1
       0
       0
       0
       0
       0
       0
       0
       0
       0
       0
       0
       0
       0
       0
       0
       2
       0
       0
       0
       0
       0
       0
       0
       0
       0
       0
       0
       1
       0
       0
       0
       1
       0
       0
       0
       0
       0
       0
       0
       0
       0
       1
       0
       0
       0
       1
       0
       0
       0
       0
       0
       2
       0
       0
       0
       0
       0
       0
       0
       0
       0
       0
       0
       0
       0
       0
       0
       0
       0
       0
       0
       0
       0
       0
       0
       0
       1
       0
       0
       0
       0
       0
       0
       1
       0
       0
       0
       0
       0
       0
       0
       0
       0
       1
       0
       0
       2
       1
       0
       0
       0
       0
       0
       0
       0
       1
       0
       0
       0
       0
       0
       0
       0
       0
       0
       0
       1
       0
       1
       0
       0
       0
       0
       1
       1
       1
       0
       0
       0
       0
       0
       0
       0
       0
       0
       0
       0
       0
       0
       1
       0
       0
       0
       0
       0
       0
       0
       0
       1
       0
       0
       0
       0
       0
       0
       0
       0
       1
       0
       0
       1
       0
       0
       1
       1
       0
       1
       0
       0
       0
       0
       0
       0
       0
       0
       0
       0
       0
       0
       0
       0
       0
       0
       0
       0
       0
       0
       0
       0
       0
       0
       0
       0
       0
       0
       0
       0
       0
       0
       0
       0
       0
       0
       0
       0
       0
       0
       0
       0
       0
       0
       0
       0
       0
       0
       0
       0
       0
       0
       0
       0
       0
       0
       0
       0
       0
       0
       0
       0
       0
       0
       0
       0
       0
       0
       0
       0
       0
       0
       0
       0
       0
       0
       0
       0
       0
       0
       0
       0
$ROI:
3
5 213
215 1972
4034 4072
$PRESETS:
None
0
0
$ENER_FIT:
0.000000 0.000000
$MCA_CAL:
3
0.000000E+000 0.000000E+000 0.000000E+000 
$SHAPE_CAL:
3
0.000000E+000 0.000000E+000 0.000000E+000
