$SPEC_ID:
Silicon
$SPEC_REM:
DET# 3
DETDESC# 78-GP-NB0025 Model 928 SN 15355078
AP# Maestro Version 7.01
$DATE_MEA:
03/19/2024 21:38:52
$MEAS_TIM:
1118 1236
$DATA:
0 4095
       0
       0
       0
       0
       0
       0
       0
       0
       0
       1
       0
  151657
 6986941
 2748552
 1792638
 1519752
 1310008
 1123341
  956180
  814254
  693942
  594478
  509655
  440913
  382412
  333075
  291982
  256858
  224714
  199141
  175756
  155751
  137645
  122194
  108676
   95572
   84720
   74620
   65879
   57872
   51389
   45071
   39602
   34598
   30629
   26402
   23409
   20485
   17741
   15601
   13711
   11948
   10618
    9367
    8221
    7123
    6421
    5837
    5116
    4533
    4090
    3533
    3177
    2872
    2705
    2428
    2262
    2004
    1888
    1753
    1572
    1463
    1367
    1308
    1195
    1191
    1014
    1048
    1037
     902
     896
     833
     820
     781
     742
     739
     694
     692
     662
     645
     647
     548
     585
     560
     540
     513
     552
     474
     488
     492
     444
     436
     407
     479
     410
     419
     428
     412
     369
     385
     381
     331
     341
     308
     329
     323
     319
     308
     288
     260
     314
     296
     283
     285
     270
     265
     253
     241
     249
     243
     247
     244
     226
     232
     203
     225
     210
     191
     184
     211
     194
     213
     196
     184
     201
     183
     178
     186
     166
     173
     191
     160
     148
     167
     154
     175
     143
     163
     149
     164
     163
     126
     134
     146
     146
     114
     131
     124
     135
     143
     128
     123
     130
      98
     108
     122
     110
     118
     108
     102
      96
     114
      96
      93
     117
     107
     109
      93
      92
      89
      80
      70
     107
     100
      94
      85
      76
      88
      90
      83
      90
      83
      83
      95
     100
      86
      94
      72
      71
      72
      77
      84
      62
      66
      72
      66
      75
      68
      82
      63
      51
      81
      60
      63
      75
      70
      59
      75
      70
      67
      51
      63
      64
      61
      68
      53
      56
      54
      57
      60
      54
      55
      61
      54
      81
      58
      54
      65
      55
      49
      47
      36
      51
      57
      63
      69
      41
      49
      39
      44
      46
      50
      49
      35
      47
      39
      56
      43
      49
      46
      44
      46
      48
      41
      52
      37
      38
      37
      43
      38
      48
      42
      33
      42
      33
      49
      37
      37
      46
      39
      30
      33
      39
      46
      42
      28
      32
      31
      27
      46
      34
      32
      26
      46
      32
      31
      37
      34
      35
      27
      32
      29
      43
      41
      24
      30
      32
      29
      27
      26
      33
      32
      30
      29
      33
      29
      26
      22
      25
      32
      38
      32
      23
      30
      33
      29
      30
      29
      30
      25
      29
      32
      34
      36
      28
      34
      25
      21
      26
      24
      31
      26
      31
      26
      24
      27
      24
      25
      30
      22
      21
      26
      39
      21
      19
      30
      31
      15
      16
      20
      19
      19
      18
      26
      18
      26
      19
      22
      24
      12
      23
      15
      26
      18
      20
      23
      15
      16
      21
      24
      24
      21
      20
      20
      16
      19
      14
      16
      27
       8
      18
      23
      25
      15
      18
      13
      23
      22
      19
      14
      13
      25
      15
      25
      15
      19
      16
      16
      17
      19
      18
      14
      20
      20
      18
       5
      10
      15
      22
      14
      19
      23
      20
      16
      11
      15
       8
      22
      19
      28
      16
      15
      14
      18
      19
      20
      27
      17
      11
      26
      15
      26
      10
      14
      18
      12
      20
      14
      16
      20
      20
      13
      17
      11
      10
      15
      14
      14
      18
       9
      11
      10
      14
      20
      11
       9
      13
      11
      10
      10
      16
      11
      13
      21
      19
      13
       9
      11
       8
      16
      18
      16
      13
      13
      12
      12
      13
      15
      11
      16
      10
      12
      16
      13
       8
       7
      10
      15
       5
      11
      13
      13
      19
      13
       6
      10
      10
      10
      11
       5
      11
       6
      14
       7
       9
      17
      14
      11
       7
      12
      16
      19
       8
      13
      10
      11
      10
      14
      14
       7
      10
       7
      13
       5
       6
       8
      12
       8
       9
      10
      15
       9
      13
       7
      12
       6
       3
      12
       9
      10
      10
      12
       4
       7
      13
       8
      15
       9
      15
       7
      14
      10
       7
       9
       8
      12
      13
       4
       8
       9
       9
      15
      13
      13
       6
       6
       7
       9
       4
      10
       4
       6
       9
      10
       8
       6
       7
       8
      10
       4
      11
       7
       4
       9
       6
       8
       7
      12
      10
       6
      11
      12
       9
      12
       5
      10
       8
      11
       8
       8
       6
       9
       1
       7
      10
       6
       6
      10
      10
       9
       8
       7
      11
       2
      10
       7
      15
       9
      10
       8
       5
       5
       5
       2
       8
       3
       4
       5
       5
       4
      11
       3
       6
       7
       5
       5
       3
       8
       7
       4
       6
       7
      13
       2
       8
      12
       9
       5
       7
       7
       5
      11
       7
       0
       6
       8
       7
       1
       9
       8
       8
       6
       9
       7
       5
       2
       8
      12
       4
       8
       5
       4
       7
       2
       3
       7
       8
       4
       4
       5
       1
       1
       3
       8
       3
       8
       5
       5
       2
       7
       5
       5
       6
       4
       4
       5
       1
       5
       2
       6
       1
       5
       5
       4
      12
       2
       2
       5
       6
       3
       2
       5
       1
       7
       5
       7
       5
      12
       8
       3
       4
       3
       2
       6
      10
       3
       8
       7
       6
       7
       6
       7
       2
       6
       5
       5
       2
       6
       4
       8
       5
      10
       5
       5
      11
       6
       6
       7
       2
       8
       5
       1
       8
       5
       4
       3
       3
       2
       3
       5
       6
       5
       7
       9
       3
       3
       8
       6
       4
       6
       5
       7
       4
       2
       3
       2
       6
       4
       7
       4
       5
       2
       4
       3
       4
       0
       6
       4
       6
       6
       1
       5
       2
       5
       7
       0
       7
       4
       5
       3
       5
       1
       1
       2
       0
       4
       4
       9
       7
       5
       3
       6
       2
       6
       2
       5
       4
       2
       3
       0
       5
       4
       4
       0
       3
       3
       7
       4
       2
       5
       3
       1
       0
       3
       2
       7
       3
       5
      10
       3
       2
       3
       3
       3
       6
       2
       3
       5
       3
       5
       4
       4
       2
       2
       0
       2
       5
       7
       5
       3
       3
       5
       2
       4
       2
       1
       2
       1
       2
       6
       3
       6
       3
       2
       2
       3
       0
       1
       3
       3
       7
       3
       2
       4
       3
       4
       4
       3
       4
       4
       5
       2
       3
       4
       5
       1
       4
       4
       2
       4
       3
       2
       2
       3
       3
       1
       7
       5
       1
       4
       3
       3
       5
       5
       5
       1
       2
       2
       3
       3
       4
       2
       1
       3
       6
       0
       2
       4
       5
       3
       4
       4
       3
       0
       1
       2
       1
       4
       3
       4
       0
       4
       2
       3
       1
       1
       4
       0
       1
       3
       5
       2
       4
       5
       2
       3
       3
       4
       6
       4
       3
       1
       3
       3
       5
       3
       1
       1
       2
       6
       1
       2
       1
       7
       4
       3
       2
       4
       3
       3
       1
       2
       4
       4
       1
       3
       1
       2
       3
       1
       0
       5
       3
       2
       4
       3
       2
       4
       4
       2
       4
       2
       6
       3
       0
       4
       3
       3
       1
       4
       4
       4
       3
       1
       5
       3
       3
       0
       1
       1
       2
       1
       5
       5
       2
       2
       3
       1
       2
       2
       1
       5
       0
       2
       4
       2
       1
       3
       2
       4
       1
       2
       2
       2
       0
       2
       2
       3
       1
       3
       1
       2
       1
       1
       1
       3
       1
       3
       1
       1
       0
       3
       3
       1
       2
       2
       2
       2
       0
       2
       1
       1
       3
       4
       0
       4
       4
       0
       4
       6
       0
       0
       2
       4
       1
       2
       3
       2
       2
       5
       3
       2
       0
       1
       2
       0
       1
       0
       1
       2
       3
       1
       0
       0
       2
       4
       1
       1
       4
       1
       3
       2
       1
       1
       2
       0
       3
       1
       1
       1
       3
       4
       1
       2
       3
       3
       2
       0
       4
       1
       3
       2
       5
       0
       2
       3
       0
       0
       2
       1
       3
       1
       2
       4
       1
       2
       4
       3
       0
       2
       0
       3
       0
       3
       1
       2
       0
       1
       2
       2
       1
       1
       3
       0
       1
       1
       3
       2
       3
       2
       1
       2
       2
       2
       0
       1
       0
       5
       5
       1
       5
       1
       1
       1
       3
       0
       2
       1
       3
       1
       1
       3
       0
       2
       3
       3
       3
       1
       4
       2
       0
       0
       2
       1
       2
       0
       1
       0
       3
       0
       3
       1
       1
       1
       3
       0
       3
       2
       1
       0
       2
       1
       1
       1
       4
       2
       2
       2
       3
       2
       2
       2
       2
       2
       1
       1
       1
       0
       0
       2
       1
       0
       1
       1
       1
       1
       1
       0
       1
       2
       2
       2
       0
       2
       1
       2
       7
       1
       0
       1
       2
       2
       1
       1
       1
       2
       2
       2
       4
       1
       2
       7
       3
       0
       1
       3
       2
       1
       0
       4
       0
       2
       1
       1
       2
       1
       1
       0
       2
       1
       0
       2
       2
       2
       1
       3
       1
       1
       0
       3
       5
       0
       2
       0
       0
       0
       2
       3
       4
       1
       1
       0
       2
       2
       2
       2
       1
       2
       2
       1
       1
       1
       2
       1
       3
       2
       1
       2
       4
       0
       2
       3
       3
       1
       2
       2
       0
       4
       2
       1
       1
       1
       3
       1
       0
       4
       1
       0
       1
       1
       0
       1
       0
       3
       2
       1
       2
       0
       0
       2
       0
       1
       3
       2
       4
       0
       5
       1
       0
       0
       1
       0
       3
       2
       1
       2
       1
       3
       1
       1
       1
       0
       0
       0
       2
       2
       2
       1
       1
       2
       1
       1
       0
       1
       0
       1
       0
       1
       0
       2
       3
       0
       0
       1
       1
       2
       1
       1
       4
       0
       1
       0
       1
       3
       2
       2
       0
       2
       2
       1
       1
       2
       0
       0
       1
       0
       1
       1
       1
       1
       2
       4
       4
       1
       2
       4
       0
       0
       3
       1
       0
       1
       1
       1
       3
       2
       0
       0
       2
       1
       4
       1
       0
       1
       0
       0
       3
       1
       0
       1
       3
       3
       0
       1
       3
       1
       1
       1
       1
       1
       1
       1
       0
       2
       0
       2
       0
       1
       1
       0
       1
       1
       0
       0
       1
       3
       1
       0
       1
       0
       0
       1
       0
       0
       2
       1
       4
       1
       1
       0
       1
       1
       0
       1
       1
       4
       1
       2
       0
       2
       1
       4
       3
       2
       0
       1
       0
       2
       0
       2
       1
       3
       0
       0
       2
       2
       2
       1
       2
       2
       1
       1
       1
       1
       0
       0
       2
       0
       0
       2
       1
       2
       2
       2
       0
       0
       3
       1
       1
       0
       3
       1
       0
       0
       2
       0
       0
       2
       0
       1
       2
       0
       1
       0
       0
       0
       1
       0
       3
       1
       0
       1
       0
       0
       2
       0
       0
       2
       0
       2
       1
       0
       1
       3
       2
       2
       2
       2
       0
       0
       0
       1
       3
       0
       0
       3
       1
       2
       0
       1
       0
       0
       2
       0
       1
       0
       0
       0
       0
       1
       0
       2
       0
       1
       0
       0
       0
       0
       0
       3
       0
       1
       0
       2
       0
       0
       2
       1
       0
       0
       3
       1
       2
       0
       1
       0
       0
       1
       0
       1
       1
       1
       2
       1
       0
       0
       0
       1
       0
       1
       1
       1
       1
       2
       0
       1
       1
       1
       1
       1
       1
       2
       0
       0
       3
       1
       2
       0
       1
       0
       1
       0
       1
       2
       2
       2
       2
       1
       0
       0
       0
       0
       4
       1
       1
       1
       0
       0
       0
       3
       1
       3
       0
       2
       0
       0
       1
       1
       0
       1
       0
       2
       2
       1
       1
       0
       0
       0
       0
       0
       1
       0
       2
       2
       1
       0
       0
       1
       0
       0
       0
       0
       1
       1
       1
       0
       2
       1
       2
       0
       1
       0
       1
       1
       2
       1
       1
       1
       0
       2
       1
       0
       0
       0
       1
       1
       0
       2
       0
       0
       0
       2
       0
       1
       2
       2
       0
       2
       1
       2
       1
       0
       0
       2
       2
       1
       3
       4
       2
       0
       2
       1
       1
       0
       0
       1
       1
       1
       1
       0
       2
       1
       1
       0
       2
       0
       0
       0
       0
       0
       2
       0
       1
       0
       2
       1
       0
       0
       0
       1
       1
       2
       0
       0
       2
       1
       0
       0
       2
       0
       0
       1
       0
       3
       0
       0
       1
       0
       0
       2
       1
       1
       1
       1
       0
       0
       0
       0
       2
       0
       0
       0
       0
       0
       1
       1
       1
       2
       0
       2
       1
       0
       0
       1
       0
       1
       0
       0
       0
       0
       1
       2
       2
       2
       0
       0
       1
       1
       0
       1
       0
       2
       1
       1
       1
       0
       1
       1
       0
       1
       1
       0
       1
       0
       1
       0
       1
       0
       3
       0
       2
       0
       1
       0
       0
       0
       0
       2
       1
       0
       0
       1
       0
       1
       2
       1
       1
       1
       0
       2
       0
       1
       0
       1
       0
       2
       1
       2
       0
       0
       0
       1
       1
       0
       1
       0
       0
       2
       1
       0
       1
       0
       3
       2
       1
       0
       3
       0
       2
       1
       3
       1
       0
       1
       2
       0
       1
       0
       0
       0
       0
       3
       0
       4
       2
       2
       0
       1
       0
       1
       0
       0
       0
       0
       0
       0
       1
       1
       0
       0
       1
       0
       0
       1
       0
       0
       2
       0
       0
       0
       1
       1
       0
       1
       0
       1
       1
       0
       2
       1
       0
       0
       0
       0
       0
       0
       2
       0
       0
       1
       2
       1
       0
       0
       1
       0
       1
       2
       2
       1
       0
       0
       0
       2
       1
       0
       1
       0
       0
       0
       0
       1
       2
       0
       1
       0
       1
       1
       1
       1
       2
       4
       1
       2
       0
       0
       1
       0
       0
       0
       0
       2
       2
       1
       0
       1
       1
       0
       0
       1
       0
       1
       1
       3
       0
       1
       1
       1
       1
       0
       0
       0
       0
       0
       1
       0
       0
       0
       0
       2
       1
       0
       1
       2
       0
       0
       0
       0
       0
       1
       2
       1
       1
       2
       1
       0
       1
       1
       0
       0
       2
       1
       1
       0
       0
       1
       0
       0
       0
       1
       1
       3
       1
       1
       2
       0
       0
       0
       0
       2
       2
       0
       0
       0
       0
       1
       2
       0
       1
       2
       1
       0
       0
       1
       1
       2
       0
       0
       1
       0
       1
       4
       0
       0
       1
       0
       0
       1
       0
       1
       1
       0
       0
       0
       1
       1
       0
       0
       2
       0
       1
       0
       1
       0
       2
       2
       1
       1
       0
       0
       0
       1
       0
       0
       0
       1
       2
       0
       0
       0
       2
       0
       2
       0
       0
       1
       0
       0
       0
       0
       0
       0
       0
       1
       0
       0
       0
       1
       0
       0
       0
       1
       0
       0
       0
       0
       0
       6
       0
       0
       0
       0
       0
       1
       1
       0
       1
       0
       0
       0
       0
       0
       1
       0
       0
       1
       0
       1
       0
       1
       1
       0
       1
       1
       0
       1
       1
       4
       0
       0
       0
       1
       3
       1
       0
       2
       0
       1
       1
       0
       1
       0
       1
       1
       2
       1
       2
       1
       1
       1
       0
       0
       1
       0
       0
       0
       0
       0
       1
       0
       0
       0
       1
       0
       0
       0
       0
       2
       1
       1
       0
       0
       0
       0
       1
       0
       0
       0
       0
       1
       0
       0
       0
       1
       1
       2
       0
       0
       0
       0
       0
       1
       0
       2
       1
       2
       0
       0
       0
       0
       0
       1
       0
       0
       2
       0
       0
       0
       0
       1
       0
       1
       0
       2
       0
       0
       1
       0
       0
       4
       0
       0
       0
       1
       0
       0
       0
       1
       1
       1
       1
       2
       1
       0
       2
       0
       1
       0
       0
       0
       1
       0
       0
       0
       0
       0
       1
       2
       0
       2
       0
       0
       1
       0
       0
       2
       0
       0
       1
       1
       0
       0
       1
       0
       2
       0
       0
       1
       0
       1
       1
       1
       0
       0
       0
       0
       1
       0
       1
       0
       0
       1
       1
       1
       0
       2
       0
       0
       1
       0
       0
       0
       0
       0
       1
       1
       0
       0
       1
       1
       0
       0
       0
       0
       0
       1
       0
       0
       0
       0
       0
       1
       0
       0
       2
       0
       0
       1
       0
       0
       1
       0
       0
       0
       0
       0
       0
       1
       0
       2
       0
       1
       1
       1
       0
       0
       0
       0
       0
       0
       0
       0
       1
       0
       0
       0
       0
       2
       1
       0
       0
       0
       0
       0
       1
       1
       1
       0
       0
       0
       0
       0
       0
       0
       1
       1
       0
       1
       0
       1
       0
       0
       0
       0
       0
       1
       0
       1
       0
       0
       1
       0
       0
       0
       0
       0
       0
       0
       0
       0
       0
       0
       0
       1
       0
       1
       1
       0
       1
       0
       1
       0
       1
       1
       2
       0
       1
       1
       2
       0
       0
       0
       1
       1
       0
       0
       0
       1
       2
       0
       2
       0
       0
       0
       0
       1
       0
       1
       1
       0
       0
       0
       0
       0
       0
       0
       0
       0
       0
       0
       0
       0
       1
       0
       1
       0
       1
       0
       0
       0
       2
       0
       0
       0
       0
       2
       0
       1
       0
       1
       0
       0
       1
       0
       0
       1
       0
       0
       0
       0
       1
       0
       0
       0
       0
       0
       1
       0
       0
       1
       0
       1
       1
       0
       0
       1
       0
       0
       0
       1
       0
       0
       1
       1
       0
       1
       0
       1
       0
       0
       0
       0
       1
       0
       1
       1
       0
       1
       0
       0
       0
       0
       0
       0
       1
       0
       0
       0
       0
       0
       0
       0
       0
       0
       0
       0
       0
       0
       1
       0
       0
       1
       0
       1
       1
       0
       0
       1
       0
       0
       0
       1
       0
       0
       0
       0
       1
       0
       0
       0
       0
       0
       0
       1
       0
       1
       0
       1
       0
       0
       0
       0
       0
       0
       0
       0
       0
       1
       1
       0
       0
       0
       0
       0
       2
       0
       0
       0
       0
       0
       0
       0
       1
       0
       0
       0
       0
       0
       0
       0
       0
       1
       2
       0
       1
       0
       0
       0
       0
       1
       1
       1
       0
       1
       0
       0
       0
       0
       0
       1
       1
       0
       1
       0
       0
       0
       0
       0
       0
       0
       0
       0
       0
       0
       0
       1
       0
       1
       0
       0
       0
       0
       0
       0
       0
       1
       0
       1
       0
       1
       1
       0
       0
       0
       0
       0
       0
       0
       0
       1
       0
       2
       0
       0
       0
       0
       1
       0
       0
       0
       1
       0
       0
       1
       0
       1
       0
       0
       0
       0
       1
       1
       0
       0
       0
       0
       0
       0
       0
       0
       0
       0
       0
       0
       0
       0
       1
       0
       0
       1
       0
       0
       0
       0
       1
       0
       0
       0
       0
       0
       2
       0
       0
       0
       0
       0
       0
       0
       0
       0
       0
       0
       0
       1
       1
       0
       0
       0
       0
       0
       0
       0
       0
       1
       0
       0
       0
       0
       0
       0
       0
       0
       0
       0
       1
       1
       0
       0
       0
       0
       0
       2
       0
       0
       0
       0
       0
       0
       0
       0
       0
       0
       0
       0
       1
       0
       2
       1
       0
       1
       0
       0
       0
       0
       0
       0
       0
       0
       0
       0
       0
       0
       0
       0
       0
       0
       2
       0
       0
       1
       1
       0
       0
       0
       0
       0
       0
       0
       0
       1
       0
       0
       0
       0
       0
       1
       0
       0
       0
       0
       0
       1
       0
       0
       0
       0
       0
       1
       0
       0
       0
       0
       1
       0
       0
       0
       1
       1
       0
       0
       0
       0
       0
       0
       0
       0
       0
       0
       0
       1
       0
       1
       1
       0
       1
       1
       1
       0
       0
       1
       0
       0
       0
       0
       0
       0
       0
       0
       0
       0
       0
       0
       0
       0
       0
       0
       2
       0
       0
       0
       0
       0
       0
       0
       0
       0
       2
       0
       0
       0
       0
       0
       1
       0
       0
       0
       0
       1
       0
       1
       0
       0
       1
       0
       0
       0
       0
       1
       0
       0
       1
       1
       0
       0
       0
       1
       0
       0
       0
       1
       1
       1
       0
       0
       1
       1
       0
       0
       1
       1
       0
       0
       0
       0
       0
       1
       1
       0
       1
       0
       0
       0
       0
       0
       0
       1
       0
       0
       0
       0
       0
       0
       0
       0
       0
       0
       0
       0
       0
       0
       0
       0
       0
       0
       0
       0
       0
       0
       0
       0
       0
       1
       0
       0
       0
       0
       0
       0
       0
       1
       0
       1
       0
       0
       1
       0
       0
       1
       0
       1
       0
       1
       2
       0
       0
       0
       1
       0
       1
       0
       0
       0
       0
       0
       0
       0
       0
       0
       0
       0
       0
       1
       0
       0
       1
       0
       0
       0
       0
       0
       1
       0
       0
       0
       0
       1
       0
       0
       0
       0
       0
       0
       1
       0
       0
       0
       0
       1
       1
       0
       0
       1
       0
       0
       0
       0
       0
       0
       0
       0
       0
       1
       0
       1
       0
       0
       0
       0
       0
       0
       0
       0
       1
       0
       0
       0
       2
       0
       0
       0
       1
       0
       0
       1
       0
       0
       1
       0
       0
       0
       0
       0
       0
       1
       0
       0
       1
       1
       1
       0
       0
       0
       0
       1
       0
       0
       0
       0
       0
       0
       0
       1
       0
       0
       0
       0
       1
       0
       0
       0
       0
       0
       0
       0
       0
       0
       1
       0
       0
       0
       2
       0
       0
       1
       0
       0
       0
       0
       0
       0
       0
       0
       0
       0
       0
       0
       0
       0
       0
       1
       0
       0
       1
       0
       0
       1
       0
       0
       0
       0
       0
       0
       0
       0
       0
       0
       0
       0
       0
       0
       0
       0
       0
       0
       0
       0
       0
       0
       0
       1
       1
       0
       0
       0
       0
       0
       0
       0
       0
       0
       0
       0
       0
       0
       0
       0
       0
       0
       0
       0
       1
       0
       0
       0
       0
       0
       0
       0
       0
       0
       0
       0
       0
       0
       0
       0
       0
       0
       0
       0
       0
       0
       0
       0
       0
       0
       1
       1
       0
       0
       2
       1
       0
       0
       0
       0
       0
       0
       0
       0
       1
       0
       0
       1
       0
       1
       1
       0
       1
       0
       0
       0
       0
       0
       0
       0
       0
       0
       0
       0
       0
       0
       0
       0
       0
       1
       0
       0
       0
       0
       0
       0
       1
       0
       0
       0
       0
       1
       1
       0
       0
       0
       0
       0
       0
       0
       0
       0
       0
       0
       0
       1
       0
       1
       0
       0
       1
       0
       0
       0
       0
       1
       0
       0
       0
       0
       0
       0
       0
       0
       0
       0
       0
       1
       0
       0
       0
       0
       0
       0
       0
       1
       0
       0
       0
       0
       0
       0
       0
       0
       0
       0
       0
       1
       0
       0
       0
       0
       0
       1
       0
       1
       0
       0
       0
       0
       0
       0
       0
       0
       0
       0
       0
       0
       0
       0
       0
       0
       1
       0
       1
       0
       0
       0
       0
       0
       0
       0
       0
       0
       0
       0
       0
       1
       1
       0
       1
       0
       0
       0
       0
       0
       0
       0
       0
       0
       0
       0
       1
       0
       0
       0
       0
       0
       0
       0
       0
       0
       1
       0
       0
       0
       0
       0
       1
       0
       0
       1
       1
       0
       0
       0
       0
       1
       0
       0
       0
       0
       0
       0
       1
       0
       1
       0
       0
       0
       2
       0
       0
       0
       0
       0
       0
       0
       1
       0
       1
       1
       0
       0
       0
       0
       0
       1
       0
       0
       0
       0
       1
       0
       0
       0
       0
       0
       0
       0
       0
       0
       0
       0
       0
       0
       0
       0
       1
       0
       0
       0
       0
       0
       0
       0
       0
       1
       0
       1
       0
       0
       0
       0
       0
       1
       0
       0
       0
       0
       0
       0
       1
       0
       0
       0
       1
       0
       0
       0
       0
       0
       0
       0
       0
       0
       0
       0
       0
       0
       0
       0
       1
       0
       1
       0
       0
       0
       0
       1
       0
       1
       1
       0
       0
       0
       0
       0
       0
       0
       0
       0
       0
       0
       0
       0
       0
       0
       0
       0
       0
       0
       0
       0
       0
       0
       0
       0
       0
       0
       0
       0
       0
       0
       0
       0
       0
       0
       0
       0
       0
       0
       0
       0
       0
       0
       0
       0
       0
       0
       1
       0
       0
       0
       1
       0
       0
       0
       0
       1
       0
       0
       0
       0
       0
       1
       0
       0
       0
       0
       0
       0
       0
       0
       0
       0
       0
       0
       0
       0
       0
       0
       0
       0
       0
       0
       0
       0
       1
       0
       0
       0
       0
       1
       0
       0
       0
       0
       0
       0
       0
       0
       0
       0
       2
       0
       0
       0
       0
       0
       0
       2
       0
       0
       0
       0
       0
       0
       0
       0
       0
       0
       0
       0
       0
       0
       0
       0
       0
       0
       0
       0
       0
       0
       1
       0
       0
       1
       0
       1
       0
       0
       0
       0
       0
       0
       0
       0
       0
       0
       0
       0
       0
       0
       0
       0
       0
       0
       0
       0
       0
       0
       0
       1
       0
       0
       0
       0
       0
       0
       0
       0
       1
       0
       0
       0
       0
       0
       1
       0
       0
       0
       0
       0
       0
       0
       0
       0
       0
       0
       0
       0
       0
       0
       0
       0
       0
       1
       0
       0
       0
       1
       0
       0
       0
       0
       0
       0
       0
       0
       1
       0
       0
       0
       1
       0
       0
       0
       0
       0
       1
       0
       0
       0
       0
       0
       0
       0
       1
       0
       0
       0
       0
       0
       0
       0
       0
       0
       0
       0
       0
       0
       0
       1
       1
       0
       0
       0
       0
       0
       0
       0
       0
       0
       0
       0
       0
       0
       1
       0
       0
       0
       2
       0
       0
       1
       0
       0
       0
       0
       0
       0
       0
       0
       0
       0
       0
       0
       0
       0
       0
       0
       0
       0
       0
       0
       0
       0
       0
       0
       0
       0
       0
       0
       1
       0
       0
       0
       0
       0
       0
       0
       0
       0
       0
       0
       0
       1
       0
       0
       0
       0
       0
       0
       0
       0
       0
       0
       0
       0
       0
       0
       1
       0
       0
       0
       0
       0
       0
       0
       0
       0
       0
       0
       0
       0
       0
       0
       0
       0
       1
       0
       0
       0
       0
       0
       0
       0
       0
       0
       0
       0
       0
       1
       0
       0
       0
       0
       0
       0
       0
       0
       1
       0
       1
       0
       0
       3
       0
       0
       0
       0
       0
       0
       0
       0
       0
       0
       0
       0
       0
       0
       0
       1
       1
       0
       0
       0
       0
       0
       1
       0
       0
       0
       1
       0
       0
       0
       1
       1
       1
       0
       1
       0
       0
       1
       0
       0
       0
       0
       0
       0
       0
       0
       1
       1
       0
       0
       0
       0
       1
       0
       0
       0
       0
       0
       0
       0
       0
       0
       0
       0
       0
       1
       0
       0
       0
       0
       0
       0
       0
       0
       0
       0
       0
       0
       0
       0
       0
       0
       0
       0
       0
       0
       0
       0
       0
       0
       0
       0
       0
       0
       0
       0
       0
       0
       0
       0
       0
       0
       0
       0
       0
       0
       0
       0
       0
       0
       0
       0
       0
       0
       0
       0
       0
       0
       0
       0
       0
       0
       0
       0
       0
       0
       0
       0
       0
       0
       0
       0
$ROI:
3
5 213
215 1972
4034 4072
$PRESETS:
None
0
0
$ENER_FIT:
0.000000 0.000000
$MCA_CAL:
3
0.000000E+000 0.000000E+000 0.000000E+000 
$SHAPE_CAL:
3
0.000000E+000 0.000000E+000 0.000000E+000
