$SPEC_ID:
Silicon
$SPEC_REM:
DET# 3
DETDESC# 78-GP-NB0025 Model 928 SN 15355078
AP# Maestro Version 7.01
$DATE_MEA:
03/19/2024 22:29:48
$MEAS_TIM:
1359 1497
$DATA:
0 4095
       0
       0
       0
       0
       0
       0
       0
       0
       0
       0
       1
  169988
 8282964
 3231029
 2079710
 1766171
 1518140
 1301877
 1110281
  944689
  804184
  686959
  589543
  508798
  440415
  384217
  336548
  295495
  259437
  229825
  203216
  179640
  159056
  140549
  125344
  109928
   97349
   86001
   76087
   67380
   59082
   51920
   45309
   40084
   35048
   30406
   27043
   23543
   20513
   17958
   15892
   13834
   12299
   10607
    9351
    8113
    7259
    6440
    5888
    5259
    4591
    4147
    3768
    3401
    2971
    2727
    2586
    2303
    2146
    1966
    1860
    1644
    1568
    1521
    1424
    1324
    1240
    1166
    1077
    1065
     954
     928
     892
     944
     866
     820
     786
     756
     712
     736
     671
     703
     661
     642
     600
     596
     577
     578
     524
     524
     516
     484
     499
     453
     486
     505
     444
     445
     417
     409
     401
     386
     363
     353
     380
     361
     346
     349
     363
     360
     351
     314
     323
     293
     307
     338
     297
     310
     295
     297
     271
     269
     236
     263
     258
     256
     256
     258
     238
     219
     208
     225
     199
     228
     250
     213
     220
     221
     197
     193
     190
     194
     200
     186
     195
     167
     170
     175
     171
     188
     178
     152
     157
     151
     167
     153
     164
     141
     173
     133
     138
     138
     142
     137
     148
     137
     128
     141
     130
     124
     143
     128
     136
     122
     125
     121
     133
     108
     102
     100
     102
     111
      91
     119
      91
     106
      99
     129
     107
     103
      93
      90
     101
      88
      90
      92
      98
      84
      95
      95
      84
      92
      84
      97
      83
      86
      71
      77
      90
      81
      82
      76
      62
      87
      87
      77
      75
      74
      56
      83
      67
      89
      69
      69
      71
      51
      55
      53
      72
      73
      44
      63
      74
      67
      55
      53
      70
      67
      57
      67
      76
      47
      60
      56
      72
      53
      57
      47
      56
      60
      52
      59
      55
      46
      46
      52
      37
      66
      55
      39
      70
      36
      54
      46
      42
      48
      44
      47
      39
      48
      53
      44
      49
      50
      58
      51
      44
      46
      52
      46
      43
      49
      42
      50
      63
      65
      43
      49
      44
      43
      39
      41
      46
      42
      38
      37
      42
      38
      42
      44
      32
      31
      32
      35
      47
      33
      42
      36
      31
      48
      37
      23
      44
      29
      36
      31
      38
      35
      21
      41
      34
      44
      39
      33
      33
      29
      37
      26
      29
      27
      29
      30
      26
      29
      38
      28
      28
      34
      28
      37
      45
      30
      21
      33
      23
      23
      40
      24
      23
      33
      27
      40
      36
      26
      14
      29
      23
      19
      23
      23
      27
      36
      20
      20
      35
      21
      28
      25
      23
      24
      23
      33
      24
      26
      19
      21
      26
      16
      22
      24
      27
      26
      23
      29
      30
      24
      27
      23
      29
      20
      20
      21
      19
      19
      12
      34
      21
      24
      17
      21
      15
      25
      33
      26
      20
      19
      20
      23
      30
      16
      24
      25
      14
      18
      17
      22
      20
      16
      21
      22
      17
      24
      17
      25
      23
      14
      18
      14
      17
      18
      16
      18
      15
      24
      17
      25
      20
      20
      11
      20
      23
      18
      20
      17
      13
      27
      19
      25
      17
      13
      14
      20
      19
      12
      16
      19
      19
       8
      15
      17
      19
      10
      17
      22
      22
      14
       5
      25
       9
      18
      16
      10
      15
       9
      13
      15
      14
      16
      10
      17
      17
      11
      20
      12
      24
      11
       7
      12
       9
      18
      19
      24
      19
      14
       6
       4
      19
      13
      21
      14
      11
       6
      19
       9
      16
      15
      10
      17
      11
      15
      14
       8
      13
      11
      11
      13
       9
      10
      16
      14
       9
      23
      11
      19
      20
      12
      12
       9
      18
      13
      13
      17
      12
       7
      10
      15
      14
      10
       9
      11
      14
      15
      11
      10
      18
       7
      13
       9
       9
      15
       8
       6
      10
      10
      11
       8
       8
      12
      16
      12
      18
      11
       9
      14
      10
      11
      13
       7
      10
       9
       9
      12
      13
      16
       5
      10
      11
      12
       8
       5
      15
      12
      12
       5
       7
      10
      10
      10
       7
      10
      10
       9
      18
       4
       7
       6
      10
      13
       9
      10
      12
       6
       9
      16
      13
       6
      14
       9
       5
       9
       8
      10
       6
      11
      13
      10
       6
       7
       7
      12
       8
       5
      11
       5
       9
      10
       9
       8
      11
       7
      11
      10
       5
      10
       8
       9
       6
       5
       6
       7
       8
      10
       4
       8
      10
      11
      11
      11
      13
       8
       7
       5
       7
       6
       6
       7
       5
       4
       7
       5
       6
       6
       7
       9
       7
       6
       6
      11
       9
       6
       7
       7
       7
       4
       8
      10
       6
      10
       7
       9
       3
       9
       6
       6
       4
       4
       3
       5
      11
       7
       8
       6
       3
       4
       4
       6
       7
       8
       7
       7
       3
       5
       9
       4
      10
       5
       9
       6
      10
       7
       3
      14
       4
       5
       3
       3
       7
       7
       4
       3
       6
       4
       5
       4
       6
       8
       4
       7
       4
       4
       3
       3
       6
       6
      11
       3
       7
       3
       8
       7
       6
       4
       4
       7
       7
       7
       5
       8
       6
       7
       4
       5
       3
       8
       3
       3
       2
       5
       8
       4
       3
       3
       8
       5
      11
       2
       5
       4
       7
       4
       6
       2
       3
       4
       5
       7
      12
       6
       5
       6
       2
       6
       5
       3
       5
       2
       8
       1
       3
       3
       3
       5
       5
       5
       8
       4
       7
       4
       2
       2
       5
       8
       7
       4
       2
       5
       4
       4
       5
       3
       6
       2
       2
       3
       2
       8
       4
       5
       5
       4
       7
       3
       4
       7
       6
       6
       8
       7
       3
       5
       3
       4
       5
       0
       4
       5
       4
       2
       5
       7
       7
       5
       4
       7
       3
       3
       3
       1
       5
       7
       6
       5
       3
       3
       5
       1
       5
       6
       1
       7
       1
       5
       2
       6
       1
       6
       4
       4
       6
       5
       3
       2
       4
       4
       1
       0
       2
       6
       4
       0
       5
       6
       9
       4
       4
       1
       5
       4
       4
       6
       1
       6
       3
       3
       2
       3
       4
       2
       3
       4
       3
       3
       4
       1
       3
       2
       4
       1
       2
       9
       2
       5
       1
       4
       2
       4
       3
       3
       3
       3
       5
       5
       7
       4
       5
       4
       3
       5
       4
       4
       3
       3
       3
       4
       5
       5
       5
       1
       6
       2
       4
       4
       3
       3
       4
       7
       1
       2
       2
       2
       2
       3
       3
       4
       0
       5
       1
       2
       5
       3
       4
       2
       0
       2
       1
       5
       5
       2
       3
       3
       5
       2
       4
       0
       3
       3
       3
       3
       2
       4
       0
       2
       0
       4
       2
       1
       1
       0
       0
       4
       2
       2
       1
       3
       4
       4
       3
       3
       3
       3
       3
       2
       0
       2
       1
       4
       4
       5
       3
       1
       5
       3
       4
       4
       3
       2
       3
       4
       2
       2
       1
       2
       4
       0
       2
       1
       3
       6
       0
       1
       1
       1
       0
       5
       3
       3
       3
       2
       3
       2
       2
       2
       2
       2
       4
       1
       2
       2
       2
       2
       1
       3
       2
       0
       7
       4
       3
       2
       3
       2
       7
       5
       3
       4
       2
       2
       7
       0
       2
       7
       4
       0
       2
       3
       3
       2
       4
       3
       4
       2
       4
       2
       0
       2
       2
       0
       1
       4
       1
       4
       0
       2
       4
       2
       0
       2
       3
       1
       1
       1
       6
       2
       1
       3
       3
       2
       1
       1
       3
       4
       3
       1
       1
       2
       1
       3
       2
       2
       1
       1
       2
       3
       2
       0
       2
       3
       3
       4
       2
       4
       0
       3
       1
       4
       1
       3
       3
       4
       2
       1
       2
       3
       1
       0
       3
       4
       2
       2
       4
       0
       1
       4
       3
       2
       1
       0
       0
       2
       2
       0
       3
       4
       3
       3
       4
       3
       2
       2
       3
       2
       1
       3
       0
       3
       1
       2
       2
       2
       1
       2
       1
       2
       3
       3
       2
       1
       2
       2
       0
       3
       1
       0
       2
       2
       0
       1
       0
       0
       1
       4
       3
       2
       3
       3
       1
       3
       1
       1
       3
       2
       4
       5
       1
       2
       5
       2
       2
       5
       3
       2
       3
       0
       3
       1
       5
       6
       2
       2
       2
       1
       6
       1
       2
       2
       2
       5
       2
       0
       0
       2
       3
       3
       1
       1
       0
       4
       2
       2
       2
       1
       3
       1
       2
       0
       3
       4
       3
       2
       1
       1
       2
       2
       2
       1
       1
       0
       2
       1
       5
       2
       3
       2
       2
       1
       1
       1
       3
       2
       1
       1
       5
       1
       2
       1
       3
       0
       2
       1
       3
       1
       3
       1
       5
       2
       0
       3
       3
       1
       3
       2
       1
       1
       2
       1
       0
       4
       1
       1
       1
       0
       4
       3
       1
       1
       1
       1
       4
       3
       3
       1
       2
       1
       3
       1
       0
       1
       0
       3
       1
       0
       3
       3
       5
       1
       0
       0
       0
       2
       5
       1
       2
       1
       0
       2
       1
       3
       3
       2
       1
       2
       2
       4
       1
       3
       2
       3
       2
       0
       0
       1
       1
       1
       1
       4
       1
       0
       0
       3
       1
       3
       6
       1
       0
       1
       3
       1
       1
       3
       1
       0
       1
       2
       2
       3
       2
       2
       3
       1
       2
       3
       0
       5
       4
       1
       6
       0
       0
       1
       1
       5
       3
       1
       0
       3
       1
       1
       2
       5
       1
       1
       1
       2
       3
       3
       3
       0
       2
       3
       0
       1
       3
       1
       2
       0
       1
       1
       0
       4
       4
       1
       0
       1
       1
       0
       0
       3
       3
       1
       3
       3
       1
       1
       2
       0
       1
       1
       1
       2
       1
       0
       1
       0
       1
       0
       0
       0
       1
       1
       0
       4
       2
       0
       1
       2
       3
       1
       1
       0
       1
       0
       2
       1
       2
       1
       0
       1
       0
       0
       2
       2
       3
       3
       1
       1
       0
       0
       3
       1
       1
       0
       1
       1
       2
       1
       3
       2
       2
       3
       0
       0
       0
       2
       2
       1
       0
       0
       3
       2
       1
       2
       0
       2
       0
       2
       1
       2
       3
       1
       3
       0
       1
       1
       1
       0
       1
       1
       1
       0
       0
       1
       0
       4
       1
       0
       1
       1
       0
       2
       1
       1
       4
       0
       1
       1
       0
       1
       1
       2
       1
       0
       2
       1
       2
       1
       0
       2
       0
       0
       1
       0
       0
       2
       2
       1
       1
       3
       0
       1
       2
       5
       2
       2
       1
       0
       3
       0
       0
       2
       0
       0
       3
       3
       1
       0
       1
       2
       3
       0
       2
       2
       1
       0
       1
       3
       0
       1
       2
       0
       1
       1
       1
       1
       1
       1
       0
       1
       0
       2
       2
       4
       0
       1
       2
       2
       1
       3
       2
       0
       1
       1
       2
       1
       1
       0
       1
       1
       1
       0
       0
       0
       1
       1
       0
       0
       2
       2
       3
       1
       2
       1
       0
       0
       4
       0
       0
       3
       1
       2
       1
       1
       2
       1
       1
       1
       1
       2
       1
       1
       0
       0
       0
       3
       2
       0
       1
       0
       1
       3
       1
       3
       1
       0
       0
       3
       1
       0
       1
       0
       2
       2
       0
       1
       2
       0
       3
       0
       0
       0
       0
       0
       0
       0
       0
       0
       3
       3
       4
       1
       1
       1
       0
       0
       3
       1
       0
       2
       0
       2
       1
       3
       0
       1
       2
       2
       0
       0
       0
       0
       0
       0
       1
       2
       1
       1
       2
       1
       2
       1
       0
       1
       1
       1
       1
       0
       1
       0
       0
       1
       2
       0
       3
       2
       1
       1
       1
       1
       2
       1
       2
       1
       2
       1
       0
       0
       1
       1
       0
       0
       1
       1
       1
       1
       1
       0
       1
       2
       1
       2
       0
       0
       1
       1
       2
       2
       2
       0
       1
       0
       3
       0
       0
       1
       2
       2
       0
       0
       1
       1
       0
       4
       1
       2
       1
       3
       1
       1
       0
       1
       1
       2
       1
       0
       1
       1
       1
       1
       0
       0
       1
       1
       0
       5
       1
       2
       0
       2
       0
       1
       2
       0
       3
       0
       4
       1
       2
       1
       1
       2
       1
       0
       1
       1
       1
       0
       2
       0
       0
       2
       0
       1
       1
       0
       1
       0
       4
       3
       1
       0
       1
       1
       2
       1
       0
       1
       0
       0
       1
       1
       0
       1
       1
       1
       0
       0
       1
       0
       1
       0
       2
       0
       0
       0
       1
       2
       1
       1
       0
       1
       1
       0
       0
       1
       0
       1
       1
       1
       0
       0
       1
       2
       1
       1
       0
       0
       0
       1
       0
       1
       0
       1
       1
       1
       1
       0
       1
       0
       0
       0
       1
       2
       0
       0
       1
       1
       1
       2
       0
       1
       3
       1
       0
       1
       0
       1
       0
       1
       2
       0
       3
       0
       0
       0
       1
       0
       1
       0
       1
       1
       3
       0
       1
       1
       2
       2
       0
       2
       0
       0
       1
       0
       2
       0
       1
       2
       0
       0
       0
       0
       0
       1
       0
       0
       1
       0
       1
       2
       1
       0
       0
       1
       1
       0
       0
       2
       4
       2
       0
       0
       0
       1
       1
       0
       0
       0
       2
       0
       0
       2
       0
       1
       1
       0
       0
       1
       0
       2
       0
       1
       1
       0
       0
       0
       0
       1
       4
       1
       1
       0
       0
       0
       2
       0
       1
       1
       1
       1
       0
       2
       0
       1
       0
       1
       2
       0
       1
       1
       0
       1
       0
       1
       0
       1
       1
       1
       1
       0
       0
       1
       2
       1
       1
       0
       0
       0
       0
       1
       1
       1
       2
       2
       1
       0
       0
       1
       1
       2
       1
       2
       1
       0
       0
       3
       0
       1
       2
       0
       0
       1
       2
       2
       0
       1
       0
       1
       0
       1
       0
       4
       0
       1
       0
       0
       1
       0
       0
       0
       0
       0
       0
       1
       0
       2
       2
       1
       3
       2
       1
       0
       1
       0
       1
       0
       0
       0
       2
       1
       1
       0
       1
       1
       1
       1
       1
       0
       0
       1
       2
       2
       1
       0
       2
       2
       1
       2
       1
       1
       0
       0
       1
       0
       1
       2
       0
       1
       1
       2
       1
       0
       1
       0
       2
       0
       0
       2
       0
       0
       0
       0
       0
       1
       1
       0
       0
       1
       1
       0
       3
       1
       0
       2
       0
       1
       0
       1
       1
       0
       0
       2
       0
       0
       0
       0
       3
       0
       1
       0
       0
       1
       2
       3
       1
       1
       1
       1
       0
       0
       1
       1
       0
       0
       0
       2
       0
       0
       1
       0
       2
       1
       1
       0
       2
       0
       1
       0
       0
       0
       1
       0
       0
       2
       1
       1
       0
       0
       0
       3
       0
       1
       0
       0
       0
       0
       0
       0
       0
       1
       0
       2
       0
       2
       0
       1
       1
       0
       0
       0
       1
       1
       0
       0
       0
       1
       3
       0
       0
       0
       1
       0
       0
       1
       0
       1
       0
       2
       2
       0
       1
       0
       1
       2
       0
       1
       1
       0
       1
       0
       0
       0
       1
       1
       0
       1
       0
       1
       2
       1
       1
       1
       0
       0
       0
       0
       0
       1
       0
       2
       2
       1
       0
       1
       0
       0
       0
       0
       0
       1
       0
       0
       1
       1
       1
       0
       0
       0
       2
       1
       2
       0
       0
       1
       2
       0
       0
       1
       0
       0
       1
       1
       0
       1
       0
       1
       0
       0
       1
       1
       0
       0
       0
       0
       1
       1
       0
       0
       0
       1
       0
       2
       0
       1
       0
       0
       1
       0
       0
       1
       0
       0
       1
       0
       0
       0
       2
       2
       0
       1
       0
       1
       1
       0
       0
       2
       0
       1
       1
       1
       0
       0
       1
       0
       0
       1
       0
       0
       0
       1
       1
       0
       1
       1
       0
       1
       1
       0
       1
       0
       1
       0
       0
       0
       0
       0
       0
       1
       4
       0
       1
       1
       0
       1
       2
       0
       2
       0
       2
       0
       0
       0
       1
       1
       1
       0
       1
       0
       0
       0
       0
       1
       0
       0
       1
       0
       0
       0
       0
       0
       0
       1
       0
       0
       0
       0
       0
       0
       1
       1
       0
       0
       0
       0
       1
       2
       1
       1
       1
       0
       1
       0
       0
       0
       0
       0
       1
       2
       1
       1
       0
       1
       0
       0
       1
       0
       0
       1
       1
       0
       0
       1
       0
       1
       0
       1
       0
       1
       0
       1
       1
       1
       1
       0
       0
       0
       0
       0
       1
       3
       1
       1
       0
       0
       0
       0
       1
       1
       0
       0
       1
       0
       0
       2
       0
       2
       0
       0
       0
       0
       1
       1
       0
       0
       0
       0
       1
       0
       1
       0
       0
       0
       0
       2
       0
       1
       0
       1
       0
       0
       0
       0
       0
       2
       0
       1
       0
       0
       0
       0
       1
       1
       0
       1
       0
       0
       0
       2
       1
       0
       0
       0
       0
       0
       1
       0
       2
       0
       1
       0
       1
       0
       0
       2
       0
       1
       0
       0
       0
       0
       2
       0
       0
       0
       0
       0
       1
       0
       0
       1
       1
       1
       0
       0
       0
       0
       0
       0
       0
       0
       0
       1
       1
       0
       0
       1
       3
       0
       0
       1
       0
       0
       0
       0
       0
       0
       0
       1
       1
       0
       0
       0
       1
       0
       0
       1
       1
       0
       1
       0
       0
       0
       0
       1
       0
       1
       0
       0
       2
       1
       0
       0
       0
       0
       0
       1
       2
       2
       1
       0
       1
       0
       0
       0
       0
       1
       0
       1
       0
       2
       1
       1
       0
       0
       0
       1
       0
       0
       0
       0
       1
       0
       1
       0
       0
       2
       1
       0
       0
       0
       0
       0
       0
       0
       0
       0
       1
       0
       1
       0
       1
       1
       1
       1
       0
       0
       0
       1
       0
       0
       0
       2
       1
       1
       0
       0
       0
       1
       0
       0
       1
       0
       0
       0
       0
       1
       0
       0
       1
       1
       0
       0
       0
       0
       1
       0
       0
       1
       2
       1
       0
       0
       0
       0
       0
       0
       1
       1
       0
       0
       1
       0
       1
       0
       0
       0
       0
       0
       0
       1
       0
       0
       0
       0
       0
       0
       0
       0
       0
       1
       0
       1
       0
       0
       1
       3
       0
       0
       0
       2
       0
       1
       1
       0
       1
       1
       0
       0
       0
       0
       0
       0
       0
       0
       0
       1
       0
       0
       0
       2
       0
       0
       1
       0
       0
       0
       1
       0
       0
       0
       1
       0
       0
       0
       0
       1
       0
       0
       0
       0
       2
       1
       2
       0
       2
       0
       0
       0
       0
       1
       0
       0
       0
       1
       0
       0
       0
       0
       1
       0
       0
       0
       0
       0
       0
       1
       0
       2
       0
       0
       0
       0
       0
       1
       1
       2
       0
       1
       0
       0
       1
       0
       0
       0
       0
       1
       0
       0
       1
       0
       1
       1
       0
       1
       0
       0
       1
       0
       0
       0
       0
       1
       0
       0
       0
       0
       3
       1
       1
       0
       0
       1
       1
       0
       0
       1
       0
       0
       0
       2
       0
       1
       2
       0
       1
       0
       0
       0
       0
       0
       2
       0
       0
       1
       0
       2
       0
       0
       1
       0
       1
       0
       0
       1
       0
       0
       3
       0
       0
       0
       0
       0
       0
       0
       0
       0
       0
       0
       0
       0
       0
       0
       0
       0
       0
       1
       1
       0
       1
       0
       0
       0
       0
       0
       0
       0
       0
       0
       0
       0
       0
       0
       1
       1
       0
       1
       0
       0
       0
       0
       0
       0
       0
       0
       0
       0
       0
       0
       0
       0
       0
       0
       0
       1
       0
       0
       0
       0
       0
       0
       1
       0
       0
       0
       1
       0
       0
       1
       0
       0
       2
       0
       0
       0
       0
       1
       0
       0
       0
       0
       0
       0
       0
       0
       1
       0
       0
       2
       0
       0
       0
       1
       1
       0
       0
       0
       0
       0
       0
       0
       1
       1
       1
       0
       1
       0
       1
       1
       0
       0
       0
       0
       0
       2
       1
       0
       0
       1
       1
       0
       0
       0
       0
       0
       0
       0
       0
       0
       0
       0
       0
       0
       0
       0
       1
       1
       1
       0
       0
       0
       0
       0
       3
       1
       0
       1
       0
       0
       0
       0
       0
       0
       1
       1
       0
       1
       0
       0
       0
       0
       0
       0
       0
       0
       0
       1
       1
       0
       1
       0
       0
       0
       0
       0
       0
       1
       0
       0
       0
       1
       1
       0
       2
       0
       1
       1
       1
       0
       0
       0
       0
       0
       0
       1
       0
       0
       0
       0
       0
       1
       0
       0
       0
       0
       0
       0
       0
       1
       0
       0
       1
       0
       0
       0
       0
       0
       0
       0
       0
       0
       0
       0
       0
       0
       1
       0
       0
       1
       1
       1
       1
       0
       1
       0
       0
       1
       0
       0
       0
       0
       0
       0
       0
       0
       1
       0
       0
       0
       1
       0
       1
       0
       0
       0
       0
       0
       0
       0
       0
       0
       1
       0
       1
       0
       0
       0
       0
       0
       0
       1
       0
       0
       0
       0
       0
       0
       0
       1
       1
       0
       0
       0
       1
       0
       0
       0
       0
       0
       0
       1
       0
       0
       0
       0
       0
       0
       0
       0
       0
       0
       0
       0
       0
       0
       0
       0
       0
       0
       0
       0
       0
       0
       0
       1
       1
       0
       0
       0
       0
       0
       0
       0
       0
       0
       0
       0
       0
       0
       0
       0
       0
       0
       0
       0
       0
       0
       0
       0
       0
       0
       0
       0
       0
       0
       0
       0
       0
       0
       0
       0
       1
       0
       0
       0
       0
       1
       0
       0
       0
       0
       0
       0
       0
       0
       0
       0
       0
       0
       1
       0
       0
       0
       0
       0
       0
       0
       0
       0
       1
       0
       1
       0
       0
       0
       0
       1
       0
       0
       0
       0
       0
       0
       0
       0
       0
       0
       0
       0
       0
       1
       0
       1
       0
       0
       0
       0
       0
       0
       1
       0
       0
       1
       0
       0
       0
       0
       0
       0
       0
       0
       0
       0
       0
       0
       0
       1
       1
       0
       0
       0
       0
       0
       0
       1
       0
       0
       0
       0
       0
       1
       1
       0
       0
       0
       0
       1
       0
       0
       0
       0
       0
       0
       0
       0
       0
       0
       0
       0
       0
       2
       0
       0
       1
       0
       0
       1
       0
       0
       0
       0
       0
       0
       0
       0
       0
       0
       1
       0
       0
       0
       0
       0
       0
       0
       0
       0
       0
       1
       0
       0
       0
       0
       0
       0
       0
       0
       0
       0
       0
       0
       0
       1
       0
       0
       0
       1
       0
       0
       0
       0
       0
       0
       0
       0
       0
       0
       1
       0
       0
       0
       0
       0
       0
       0
       0
       1
       1
       0
       1
       0
       0
       0
       0
       0
       0
       0
       0
       0
       0
       0
       0
       0
       1
       0
       0
       0
       0
       0
       0
       0
       0
       1
       0
       0
       0
       0
       0
       1
       0
       0
       0
       0
       0
       0
       0
       1
       1
       0
       0
       0
       0
       0
       0
       1
       0
       1
       0
       0
       0
       0
       0
       0
       0
       0
       0
       0
       0
       0
       0
       1
       0
       0
       0
       1
       0
       0
       0
       0
       0
       0
       0
       0
       0
       0
       0
       0
       0
       0
       0
       0
       0
       1
       1
       0
       0
       0
       0
       0
       0
       0
       0
       0
       0
       0
       0
       1
       0
       0
       0
       0
       1
       0
       0
       0
       0
       0
       0
       0
       0
       1
       0
       0
       0
       0
       0
       0
       0
       0
       0
       0
       0
       0
       0
       0
       1
       1
       0
       0
       1
       0
       0
       0
       0
       0
       0
       1
       0
       0
       0
       0
       1
       1
       1
       0
       0
       0
       0
       0
       0
       0
       0
       0
       0
       0
       0
       0
       0
       1
       0
       1
       1
       0
       0
       0
       0
       0
       1
       0
       0
       0
       0
       0
       0
       0
       0
       0
       1
       0
       0
       0
       1
       0
       0
       0
       1
       0
       1
       0
       0
       0
       0
       0
       2
       0
       0
       0
       0
       0
       0
       0
       0
       0
       0
       0
       0
       0
       0
       0
       0
       0
       0
       0
       0
       0
       1
       0
       0
       0
       0
       0
       0
       0
       2
       0
       0
       0
       0
       0
       0
       0
       0
       0
       0
       0
       1
       0
       0
       0
       0
       0
       0
       0
       0
       0
       0
       2
       0
       0
       2
       0
       0
       0
       0
       0
       0
       0
       0
       0
       0
       0
       0
       1
       0
       0
       0
       0
       0
       0
       0
       0
       1
       0
       0
       0
       0
       0
       0
       1
       0
       0
       0
       0
       0
       0
       0
       0
       0
       0
       0
       0
       1
       0
       0
       0
       0
       0
       1
       0
       1
       0
       0
       1
       0
       0
       0
       0
       0
       0
       0
       1
       0
       0
       0
       0
       0
       0
       0
       0
       0
       0
       0
       0
       0
       0
       0
       0
       0
       0
       0
       0
       0
       0
       0
       0
       0
       0
       0
       0
       0
       0
       0
       0
       0
       0
       0
       1
       0
       0
       0
       0
       0
       0
       0
       0
       0
       1
       0
       0
       1
       0
       0
       1
       0
       0
       0
       0
       0
       0
       0
       0
       0
       0
       0
       0
       0
       1
       0
       0
       0
       0
       0
       0
       0
       0
       0
       0
       1
       0
       0
       0
       0
       1
       0
       0
       0
       0
       0
       0
       1
       0
       0
       0
       0
       0
       0
       0
       0
       0
       0
       0
       0
       0
       0
       0
       0
       0
       0
       1
       0
       0
       0
       0
       1
       0
       0
       0
       0
       0
       0
       0
       1
       0
       0
       0
       0
       0
       0
       0
       0
       0
       0
       0
       0
       1
       0
       0
       0
       0
       0
       0
       0
       0
       0
       0
       0
       0
       1
       0
       0
       0
       0
       0
       0
       1
       0
       1
       0
       0
       0
       0
       0
       0
       0
       0
       1
       0
       0
       0
       1
       0
       1
       0
       1
       1
       1
       0
       0
       0
       0
       1
       0
       0
       1
       0
       0
       0
       0
       0
       0
       0
       0
       0
       1
       0
       0
       0
       0
       0
       0
       0
       0
       0
       0
       0
       0
       0
       0
       0
       2
       1
       0
       0
       1
       0
       0
       0
       0
       0
       0
       0
       0
       0
       0
       0
       0
       1
       0
       0
       0
       3
       0
       0
       0
       0
       0
       0
       0
       0
       0
       0
       2
       0
       0
       0
       0
       0
       0
       0
       0
       1
       1
       1
       0
       0
       0
       0
       0
       0
       0
       1
       1
       0
       0
       1
       0
       0
       0
       1
       0
       1
       0
       2
       0
       1
       2
       0
       0
       0
       0
       0
       0
       0
       0
       0
       0
       0
       0
       0
       0
       0
       0
       0
       0
       0
       0
       0
       0
       0
       0
       0
       0
       0
       0
       0
       0
       0
       0
       0
       0
       0
       0
       0
       0
       0
       0
       0
       0
       0
       0
       0
       0
       0
       0
       0
       0
       0
       0
       0
       0
       0
       0
       0
       0
       0
       0
       0
       0
       0
       0
       0
$ROI:
3
5 213
215 1972
4034 4072
$PRESETS:
None
0
0
$ENER_FIT:
0.000000 0.000000
$MCA_CAL:
3
0.000000E+000 0.000000E+000 0.000000E+000 
$SHAPE_CAL:
3
0.000000E+000 0.000000E+000 0.000000E+000
