$SPEC_ID:
Silicon
$SPEC_REM:
DET# 3
DETDESC# 78-GP-NB0025 Model 928 SN 15355078
AP# Maestro Version 7.01
$DATE_MEA:
03/16/2024 12:42:32
$MEAS_TIM:
1096 1213
$DATA:
0 4095
       0
       0
       0
       0
       0
       0
       0
       0
       0
       0
       1
  123893
 7409180
 3161705
 1724698
 1392962
 1162349
  973236
  813581
  685446
  582577
  501604
  433461
  379834
  333215
  294122
  261115
  231358
  207029
  183954
  163837
  145548
  130065
  115924
  102469
   90572
   80336
   70768
   62175
   54875
   48092
   42346
   36865
   32513
   28134
   24598
   21136
   18705
   16244
   13943
   12216
   10615
    9373
    8213
    7207
    6307
    5591
    5119
    4516
    4022
    3700
    3367
    3018
    2796
    2623
    2455
    2202
    1992
    2015
    1882
    1694
    1680
    1591
    1506
    1444
    1358
    1363
    1326
    1294
    1167
    1115
    1145
    1163
    1052
    1075
     999
    1063
     939
     922
     859
     915
     872
     831
     862
     861
     811
     748
     761
     677
     725
     718
     686
     708
     717
     704
     639
     638
     618
     589
     589
     599
     617
     573
     551
     565
     507
     509
     512
     512
     512
     506
     524
     505
     511
     505
     430
     477
     442
     392
     396
     411
     396
     430
     397
     378
     393
     369
     394
     369
     307
     354
     363
     328
     320
     333
     335
     342
     312
     319
     306
     299
     326
     302
     277
     271
     319
     304
     301
     277
     262
     277
     271
     268
     244
     269
     271
     246
     228
     236
     283
     264
     243
     234
     238
     249
     214
     213
     228
     213
     184
     195
     203
     217
     199
     189
     196
     179
     181
     178
     195
     198
     189
     161
     179
     180
     179
     172
     168
     180
     163
     166
     149
     178
     155
     161
     171
     166
     151
     170
     126
     147
     133
     151
     142
     144
     140
     140
     135
     138
     126
     127
     123
     143
     124
     129
     113
     124
     118
     122
     130
     121
     124
     125
     115
     110
     126
     110
     110
     117
      99
     112
     121
     117
     102
      93
      98
     114
     116
      93
     103
      96
      91
     108
      87
     104
     125
     107
      88
     101
     107
      98
     100
      91
      91
      87
      95
      83
     107
     105
      82
     100
      97
      75
     100
      73
      83
     106
      80
      89
      97
      95
      90
      96
      80
      69
     104
      80
      72
      56
      76
      92
      81
      85
      69
      77
      63
      73
      65
      72
      78
      78
      63
      76
      70
      68
      66
      58
      68
      48
      56
      77
      64
      63
      66
      55
      59
      51
      48
      45
      59
      59
      68
      44
      56
      69
      63
      67
      72
      50
      46
      54
      51
      45
      52
      57
      55
      49
      44
      63
      56
      46
      60
      46
      49
      61
      54
      52
      54
      44
      51
      55
      49
      58
      48
      46
      57
      48
      43
      46
      39
      44
      43
      54
      42
      44
      49
      49
      51
      57
      50
      47
      41
      52
      30
      53
      45
      41
      42
      48
      44
      47
      42
      55
      43
      52
      45
      38
      42
      37
      41
      37
      43
      43
      29
      47
      36
      47
      44
      45
      38
      40
      35
      39
      45
      40
      32
      30
      39
      50
      39
      37
      40
      31
      24
      42
      43
      41
      45
      33
      50
      39
      39
      46
      25
      39
      40
      32
      37
      41
      25
      40
      38
      29
      28
      33
      34
      29
      30
      26
      28
      28
      30
      44
      32
      36
      28
      35
      25
      24
      37
      37
      42
      31
      38
      38
      23
      35
      33
      46
      39
      36
      28
      34
      40
      36
      35
      18
      35
      41
      36
      40
      29
      24
      32
      34
      17
      35
      35
      26
      24
      23
      30
      19
      32
      30
      29
      24
      16
      32
      24
      33
      18
      23
      29
      25
      29
      26
      18
      25
      30
      28
      29
      22
      21
      20
      26
      27
      31
      29
      33
      22
      24
      25
      27
      33
      27
      33
      34
      30
      30
      23
      42
      18
      27
      15
      26
      27
      18
      21
      20
      21
      23
      19
      27
      12
      30
      24
      34
      20
      26
      17
      22
      21
      35
      37
      19
      18
      23
      19
      22
      24
      16
      18
      18
      22
      22
      27
      21
      16
      19
      21
      26
      15
      25
      25
      16
      15
      21
      17
      18
      18
      15
      20
      25
      23
      22
      19
      13
      24
      16
      18
      17
      14
      21
      11
      17
      18
      14
      21
      13
      18
      19
      18
      18
      17
      24
      18
      19
      12
      22
      14
      11
      12
      19
      26
      14
      18
      11
      25
      18
      16
      17
      12
      16
      13
      23
      27
      14
      16
      19
      15
       7
      20
      11
      11
       9
      25
      12
      15
      11
      22
      17
      14
      16
      13
      19
      16
      17
      20
      13
      12
      13
       9
      10
      17
      15
      20
      13
      14
      14
       7
      15
      16
      12
      22
      14
      12
      15
      12
       5
      14
      20
      17
      12
      18
      22
      20
      12
      10
       6
      16
      10
       8
      10
      16
      11
      14
      19
      11
      15
      15
       8
      14
      13
      17
       5
      11
      12
      15
      18
      17
      14
      18
       8
      18
       3
      20
       7
      11
       8
      11
      14
      11
      17
      16
       9
      13
      15
      12
       8
       9
      12
      11
       6
      10
       9
       9
      11
      16
      17
      16
      10
       6
      12
       8
      18
      14
      15
      14
      16
       9
      13
      12
       8
      17
      12
      13
       8
       7
       8
      14
      12
       7
      11
      12
       9
       7
      12
      12
       8
       8
       9
      15
       6
       7
      13
      14
      10
      10
      12
      11
       5
      11
       9
      16
      11
       6
      16
       9
      16
       4
       3
       7
       9
      10
       8
      10
       8
       6
      16
      11
       9
      11
       8
       4
      12
       7
       7
       7
       9
      11
      13
       5
       9
       8
      10
       9
      11
       8
       9
      15
       9
       9
      10
       7
       7
      11
      10
      11
      13
       8
       8
       6
      14
       6
       4
      11
       4
       9
       7
       5
       8
      10
       8
      13
       5
       8
       9
       7
      14
       7
       6
       9
      17
      10
       8
       8
       6
      11
      10
      10
       5
       8
       6
      14
       9
       8
      14
      12
       9
       8
      14
       8
       9
       8
      11
      11
      11
       2
      12
       6
      10
       3
       6
       5
       5
       6
       7
       3
       7
       9
       9
       8
       9
       4
       8
       7
      13
      10
       7
      10
       9
       6
       9
       5
      11
       9
       7
       3
       8
      10
      10
      15
       5
       5
       6
       7
       6
      11
       8
       8
       4
       9
      15
       8
       8
      10
       2
       3
       5
       8
       8
       7
       6
       6
       5
       8
       5
      10
       7
       8
       9
      10
       7
       5
       6
       5
       6
       5
      10
       3
       5
       2
       8
       4
       4
       9
       4
       5
       5
       6
       6
       7
       8
      10
       8
       6
      10
       9
      12
       7
       5
       6
       8
       7
       7
      10
      11
       7
       9
       7
       4
       3
       8
       2
       8
      10
       4
       8
       9
       5
       4
      10
       4
       6
       5
       7
       6
       5
      11
       6
       7
       4
       3
       3
       7
       5
       5
       6
       6
       8
       1
       8
       4
       9
      11
       5
       4
       3
       9
      10
       3
       2
       3
       3
       1
       7
       4
       7
       5
       5
       4
       3
       2
       6
       3
       8
       3
       8
       5
       4
       7
       6
       4
       7
       4
       4
       5
       4
       4
      10
      11
       4
       2
       8
       4
       8
       7
       4
       7
      11
       2
       6
       4
       4
       4
       4
       5
       8
       2
       7
       3
       6
       3
       6
       5
       3
       7
       5
      10
      11
       3
       2
       3
       7
       5
       6
       6
       7
       3
       3
       3
      10
       5
       3
       8
       4
       3
       3
       5
       8
       7
       2
       1
       2
       4
       4
       7
       4
       2
       2
       6
       2
       3
       3
       6
       5
       7
       2
       3
       3
       3
       4
       5
       3
       6
       1
       5
       6
       6
       3
       7
       3
       7
       2
       3
       5
       6
       5
       7
       5
       4
       5
       1
       2
       4
       6
       3
       6
       2
       3
       4
       6
       6
       6
       6
       5
       3
       2
       4
       2
       5
       7
       5
       3
       6
       5
       8
       6
       5
       7
       4
       4
       4
       5
      11
       7
       3
       3
       4
       5
       5
       2
       6
       2
       1
       7
       3
       4
       3
       4
       7
       3
       2
       6
       3
       2
       4
       4
       5
       2
       6
       4
       3
       6
       4
       3
       8
       6
       4
       4
       8
       4
       6
       0
       6
       1
       4
       7
       3
       5
       2
       3
       7
       4
       4
       3
       2
       3
       5
       2
       2
       2
       1
       4
       2
       7
       4
       4
       4
       3
       6
       3
       3
       3
       5
       6
       0
       3
       6
       4
       3
       6
       2
       5
       6
       1
       4
       2
       5
       3
       2
       4
       4
       3
       6
       4
       2
       3
       3
       5
       2
       1
       1
       5
       4
       5
       6
       4
       3
       2
       3
       5
       1
       5
       2
       4
       5
       4
       4
       2
       5
       1
       2
       4
       3
       3
       3
       6
       3
       1
       6
       3
       6
       3
       3
       5
       2
       1
       2
       5
       4
       3
       2
       5
       4
       0
       5
       2
       4
       1
       4
       4
       3
       6
       6
       3
       2
       9
       1
       5
       3
       2
       4
       3
       3
       6
       7
       0
       5
       3
       3
       6
       6
       2
       0
       0
       2
       5
       5
       5
       3
       1
       3
       1
       4
       1
       4
       3
       3
       3
       1
       3
       1
       2
       3
       3
       4
       1
       5
       4
       2
       5
       0
       4
       2
       6
       4
       2
       6
       1
       3
       4
       1
       3
       6
       0
       2
       6
       1
       6
       5
       4
       1
       3
       3
       5
       2
       3
       2
       4
       2
       3
       8
       1
       3
       2
       2
       3
       4
       3
       9
       2
       1
       5
       6
       2
       4
       5
       4
       2
       4
       4
       6
       4
       3
       3
       3
       6
       1
       2
       3
       7
       3
       3
       2
       3
       3
       7
       0
       3
       2
       3
       2
       3
       3
       5
       3
       2
       3
       3
       1
       2
       4
       5
       3
       4
       4
       2
       4
       4
       3
       1
       5
       2
       6
       3
       3
       2
       1
       2
       4
       3
       1
       2
       5
       1
       3
       4
       3
       3
       2
       4
       4
       1
       4
       2
       4
       0
       1
       2
       3
       2
       1
       2
       0
       2
       6
       3
       1
       3
       2
       7
       0
       7
       2
       2
       4
       4
       5
       2
       3
       4
       1
       3
       3
       0
       3
       2
       2
       3
       7
       3
       5
       3
       6
       4
       2
       5
       2
       0
       2
       3
       1
       3
       7
       0
       3
       1
       1
       2
       4
       1
       2
       3
       4
       5
       1
       2
       4
       4
       0
       4
       2
       2
       5
       4
       4
       2
       3
       0
       5
       2
       2
       1
       4
       1
       1
       2
       7
       4
       0
       1
       4
       1
       1
       1
       2
       1
       4
       0
       1
       2
       2
       4
       4
       4
       2
       2
       1
       2
       4
       0
       0
       2
       2
       2
       0
       1
       3
       1
       3
       0
       2
       1
       5
       4
       3
       4
       3
       3
       5
       2
       4
       1
       5
       2
       2
       2
       3
       3
       2
       3
       1
       5
       1
       2
       0
       6
       4
       3
       4
       3
       5
       2
       3
       5
       2
       3
       4
       3
       6
       1
       1
       4
       2
       2
       0
       2
       2
       1
       5
       2
       1
       0
       4
       1
       4
       1
       1
       5
       1
       1
       0
       2
       0
       2
       3
       2
       4
       3
       1
       2
       4
       3
       3
       2
       3
       1
       3
       2
       2
       3
       4
       5
       1
       5
       2
       1
       1
       5
       3
       0
       1
       1
       2
       1
       1
       2
       0
       2
       1
       1
       0
       2
       2
       2
       5
       3
       6
       4
       1
       4
       5
       1
       2
       2
       2
       4
       1
       0
       3
       1
       5
       3
       1
       2
       6
       2
       1
       2
       1
       1
       1
       2
       1
       6
       3
       1
       2
       3
       1
       4
       1
       2
       2
       3
       0
       5
       1
       2
       1
       2
       3
       2
       0
       0
       6
       2
       0
       4
       6
       2
       1
       1
       4
       2
       5
       0
       3
       5
       3
       1
       1
       2
       3
       5
       5
       3
       0
       1
       0
       2
       1
       0
       1
       2
       4
       5
       2
       2
       3
       2
       0
       2
       3
       0
       1
       2
       1
       1
       2
       2
       3
       2
       2
       4
       2
       1
       0
       4
       2
       3
       3
       0
       1
       2
       2
       0
       5
       1
       3
       0
       0
       2
       3
       0
       1
       0
       3
       1
       2
       3
       3
       2
       1
       2
       0
       3
       1
       1
       2
       3
       1
       2
       2
       2
       4
       2
       3
       2
       3
       2
       1
       1
       3
       1
       3
       2
       2
       3
       3
       2
       4
       2
       1
       3
       2
       2
       1
       2
       1
       1
       3
       0
       0
       3
       1
       3
       2
       1
       3
       4
       3
       3
       2
       1
       1
       1
       0
       1
       2
       2
       2
       3
       2
       1
       0
       5
       2
       4
       0
       1
       1
       1
       2
       1
       3
       2
       2
       2
       2
       1
       1
       2
       2
       3
       1
       4
       0
       3
       2
       1
       1
       0
       4
       2
       0
       1
       0
       3
       1
       2
       4
       2
       2
       0
       3
       3
       1
       2
       1
       2
       1
       2
       0
       1
       2
       4
       1
       2
       1
       1
       0
       1
       1
       1
       0
       2
       2
       0
       1
       3
       3
       1
       4
       0
       1
       0
       1
       6
       0
       2
       0
       2
       1
       0
       2
       0
       3
       1
       2
       2
       2
       1
       3
       2
       3
       3
       3
       3
       1
       0
       2
       2
       2
       2
       3
       1
       3
       1
       1
       4
       1
       2
       0
       1
       1
       2
       1
       3
       1
       1
       2
       2
       1
       1
       2
       2
       2
       4
       1
       2
       1
       1
       1
       2
       2
       2
       2
       2
       0
       0
       2
       2
       3
       3
       0
       5
       1
       2
       3
       0
       0
       1
       1
       0
       1
       1
       0
       2
       0
       1
       2
       3
       1
       1
       1
       2
       2
       1
       3
       1
       1
       0
       1
       1
       5
       1
       4
       0
       1
       0
       2
       2
       2
       3
       3
       1
       1
       2
       1
       3
       0
       0
       0
       1
       0
       1
       1
       2
       1
       2
       2
       0
       2
       2
       0
       1
       3
       0
       0
       2
       1
       3
       2
       1
       1
       1
       1
       2
       0
       1
       1
       1
       3
       1
       1
       1
       0
       1
       2
       1
       1
       2
       2
       4
       4
       1
       0
       1
       1
       1
       1
       1
       1
       3
       2
       1
       2
       1
       3
       0
       4
       0
       2
       4
       1
       0
       0
       1
       0
       3
       1
       1
       1
       0
       1
       1
       1
       3
       1
       2
       1
       3
       1
       1
       2
       1
       1
       1
       2
       1
       2
       1
       1
       2
       3
       2
       2
       1
       1
       1
       1
       1
       2
       1
       2
       1
       1
       2
       0
       0
       0
       2
       0
       0
       3
       2
       3
       0
       0
       4
       1
       0
       2
       0
       1
       1
       2
       2
       0
       1
       2
       0
       0
       2
       3
       2
       1
       2
       0
       2
       2
       0
       0
       2
       1
       3
       0
       1
       2
       0
       1
       1
       3
       2
       2
       0
       2
       2
       1
       1
       0
       0
       0
       0
       1
       2
       3
       1
       2
       1
       4
       0
       2
       0
       2
       0
       4
       2
       1
       2
       1
       0
       2
       0
       0
       0
       2
       2
       0
       1
       0
       3
       2
       3
       2
       3
       2
       1
       0
       2
       1
       3
       1
       2
       0
       2
       1
       0
       2
       1
       0
       0
       3
       1
       3
       3
       1
       1
       2
       0
       0
       1
       2
       0
       1
       1
       0
       0
       0
       3
       0
       1
       0
       2
       0
       1
       2
       3
       2
       1
       2
       2
       1
       0
       1
       0
       1
       0
       1
       1
       1
       0
       0
       1
       1
       1
       0
       0
       2
       1
       0
       2
       1
       2
       1
       0
       0
       0
       3
       1
       0
       2
       4
       4
       1
       3
       0
       4
       2
       1
       3
       0
       1
       0
       0
       1
       2
       1
       1
       1
       3
       1
       2
       2
       0
       0
       0
       1
       2
       1
       0
       1
       0
       2
       1
       4
       2
       2
       1
       1
       0
       0
       0
       0
       2
       0
       2
       2
       1
       0
       1
       0
       1
       0
       1
       1
       1
       1
       3
       0
       2
       1
       2
       2
       1
       1
       2
       3
       1
       0
       1
       3
       0
       2
       0
       2
       2
       0
       0
       2
       1
       2
       0
       1
       0
       1
       3
       4
       0
       0
       1
       1
       1
       0
       1
       1
       0
       2
       2
       1
       1
       0
       1
       1
       2
       2
       0
       3
       2
       1
       2
       1
       0
       3
       0
       0
       2
       0
       2
       1
       0
       0
       0
       0
       1
       1
       0
       1
       1
       0
       0
       0
       0
       2
       1
       3
       0
       1
       1
       1
       1
       1
       1
       3
       3
       0
       1
       2
       0
       2
       1
       2
       0
       2
       0
       1
       1
       0
       1
       1
       0
       2
       1
       0
       0
       2
       2
       2
       0
       1
       0
       2
       2
       0
       2
       0
       0
       0
       2
       1
       1
       1
       1
       1
       0
       1
       1
       1
       1
       1
       1
       2
       0
       0
       1
       2
       0
       1
       1
       2
       0
       2
       2
       0
       0
       1
       4
       1
       0
       0
       0
       0
       1
       0
       1
       1
       2
       1
       0
       3
       3
       0
       0
       2
       0
       0
       1
       1
       0
       1
       1
       2
       0
       0
       2
       1
       1
       0
       0
       0
       0
       1
       0
       0
       1
       0
       1
       1
       1
       0
       1
       1
       1
       2
       1
       0
       1
       4
       0
       1
       1
       3
       1
       0
       0
       1
       2
       1
       0
       1
       2
       1
       2
       2
       0
       0
       0
       0
       1
       0
       1
       0
       0
       0
       1
       0
       2
       0
       0
       2
       0
       0
       1
       0
       0
       1
       2
       0
       0
       0
       1
       2
       0
       0
       2
       1
       0
       0
       0
       0
       1
       0
       1
       1
       1
       1
       0
       0
       1
       2
       0
       1
       2
       0
       0
       3
       2
       1
       0
       1
       2
       0
       0
       0
       1
       0
       1
       1
       0
       2
       1
       0
       1
       0
       0
       1
       1
       1
       1
       0
       0
       0
       1
       1
       0
       0
       1
       0
       0
       1
       0
       2
       1
       0
       2
       3
       2
       2
       0
       1
       0
       0
       0
       4
       0
       2
       1
       1
       2
       0
       1
       0
       1
       0
       0
       2
       1
       0
       0
       0
       1
       0
       2
       3
       0
       2
       1
       2
       2
       0
       1
       1
       0
       0
       1
       0
       0
       0
       1
       0
       1
       1
       1
       0
       3
       0
       0
       0
       1
       0
       1
       1
       0
       0
       3
       1
       0
       1
       4
       1
       0
       0
       1
       2
       1
       0
       1
       2
       0
       0
       1
       0
       0
       0
       0
       1
       1
       0
       1
       1
       1
       3
       0
       0
       1
       2
       0
       1
       2
       0
       1
       0
       1
       1
       2
       1
       2
       0
       0
       0
       1
       2
       0
       1
       0
       2
       0
       1
       0
       0
       1
       1
       0
       2
       0
       0
       1
       2
       0
       0
       0
       0
       0
       1
       0
       3
       1
       2
       2
       0
       0
       0
       1
       0
       2
       2
       0
       0
       0
       0
       0
       1
       2
       0
       1
       0
       2
       1
       0
       0
       1
       0
       0
       1
       0
       0
       1
       0
       0
       1
       0
       0
       2
       3
       1
       1
       1
       0
       0
       3
       0
       1
       2
       0
       0
       1
       1
       1
       0
       1
       0
       0
       0
       1
       0
       1
       1
       2
       0
       1
       0
       0
       2
       0
       0
       0
       0
       2
       1
       1
       0
       0
       2
       0
       0
       3
       1
       3
       1
       0
       0
       3
       2
       1
       0
       0
       2
       0
       0
       0
       0
       3
       1
       1
       0
       0
       1
       1
       1
       0
       0
       0
       1
       0
       2
       0
       1
       1
       1
       2
       0
       0
       0
       0
       0
       0
       1
       0
       0
       0
       1
       0
       2
       1
       2
       2
       0
       0
       1
       0
       0
       1
       0
       1
       0
       0
       0
       1
       0
       0
       0
       0
       0
       0
       0
       0
       1
       1
       1
       0
       1
       2
       0
       0
       0
       0
       2
       0
       0
       0
       0
       0
       3
       1
       2
       0
       0
       0
       1
       0
       0
       1
       2
       0
       1
       1
       1
       1
       1
       0
       0
       1
       1
       0
       1
       0
       1
       0
       1
       1
       0
       1
       0
       1
       0
       0
       0
       1
       1
       0
       0
       0
       1
       0
       2
       3
       1
       0
       0
       0
       1
       0
       1
       1
       0
       1
       0
       0
       1
       0
       2
       2
       0
       0
       0
       0
       0
       0
       1
       0
       0
       1
       1
       3
       1
       0
       0
       1
       0
       1
       1
       0
       0
       0
       0
       2
       0
       0
       1
       0
       0
       0
       0
       0
       1
       0
       0
       1
       1
       0
       1
       2
       0
       0
       0
       0
       0
       1
       1
       0
       0
       2
       1
       1
       1
       0
       1
       0
       0
       1
       0
       1
       0
       0
       0
       1
       0
       0
       0
       3
       0
       0
       2
       1
       0
       1
       0
       1
       0
       0
       0
       0
       0
       1
       0
       2
       0
       3
       0
       0
       0
       0
       0
       1
       1
       0
       1
       1
       0
       0
       0
       0
       1
       0
       1
       0
       1
       0
       1
       1
       0
       0
       0
       0
       0
       0
       0
       2
       0
       1
       0
       0
       0
       0
       1
       1
       1
       2
       1
       0
       0
       0
       0
       1
       0
       1
       0
       0
       2
       0
       0
       0
       0
       1
       1
       1
       1
       0
       0
       0
       1
       0
       0
       0
       0
       1
       0
       0
       0
       0
       0
       1
       1
       0
       0
       0
       0
       2
       0
       0
       1
       2
       0
       0
       0
       0
       0
       0
       1
       1
       1
       0
       3
       0
       0
       0
       0
       1
       1
       1
       1
       0
       0
       0
       1
       0
       0
       1
       0
       0
       1
       2
       2
       1
       0
       0
       0
       0
       0
       1
       1
       0
       0
       0
       0
       0
       0
       2
       0
       1
       1
       1
       0
       0
       0
       2
       0
       2
       0
       0
       0
       1
       0
       0
       1
       1
       0
       0
       2
       1
       1
       1
       0
       0
       0
       1
       1
       0
       1
       1
       0
       1
       1
       1
       1
       0
       2
       1
       0
       1
       1
       1
       1
       0
       1
       0
       0
       0
       1
       0
       0
       1
       1
       1
       1
       1
       0
       0
       1
       0
       0
       0
       0
       2
       0
       0
       1
       0
       0
       0
       1
       0
       0
       1
       0
       0
       0
       0
       0
       0
       1
       0
       1
       0
       0
       1
       1
       1
       0
       0
       0
       0
       0
       0
       1
       0
       1
       0
       0
       0
       0
       1
       0
       1
       1
       2
       0
       1
       1
       0
       0
       1
       2
       0
       1
       1
       1
       1
       1
       0
       0
       0
       0
       0
       1
       0
       3
       1
       0
       2
       0
       0
       0
       0
       1
       0
       0
       1
       0
       0
       1
       0
       0
       0
       0
       0
       0
       1
       0
       2
       1
       0
       0
       1
       0
       1
       0
       1
       0
       0
       0
       0
       1
       0
       0
       0
       0
       0
       1
       1
       0
       1
       0
       1
       0
       1
       1
       0
       0
       0
       2
       0
       0
       0
       2
       0
       0
       1
       2
       0
       1
       0
       0
       0
       0
       0
       0
       0
       1
       1
       0
       0
       0
       1
       0
       1
       1
       0
       0
       0
       0
       0
       2
       0
       1
       1
       0
       0
       0
       0
       0
       1
       1
       0
       0
       2
       0
       0
       0
       3
       0
       0
       0
       1
       0
       0
       0
       1
       0
       0
       1
       0
       2
       2
       0
       1
       1
       0
       0
       0
       0
       0
       0
       0
       2
       0
       1
       1
       0
       0
       0
       1
       0
       0
       1
       0
       0
       0
       0
       1
       0
       0
       0
       1
       0
       0
       1
       0
       0
       1
       1
       0
       0
       0
       0
       1
       0
       0
       0
       1
       0
       0
       0
       1
       1
       1
       0
       0
       0
       1
       0
       0
       0
       0
       1
       0
       0
       0
       0
       0
       0
       0
       1
       1
       2
       1
       0
       0
       1
       0
       4
       1
       0
       0
       0
       0
       1
       1
       1
       0
       1
       0
       0
       0
       1
       0
       0
       1
       5
       0
       0
       0
       3
       0
       0
       1
       0
       0
       1
       0
       0
       0
       0
       0
       1
       1
       0
       0
       1
       0
       0
       1
       1
       0
       0
       0
       1
       0
       0
       0
       0
       0
       1
       1
       1
       0
       2
       1
       1
       0
       0
       0
       0
       1
       0
       0
       1
       0
       0
       0
       1
       0
       1
       0
       0
       0
       0
       1
       0
       0
       1
       0
       0
       0
       0
       0
       0
       0
       0
       0
       0
       0
       0
       0
       1
       0
       1
       1
       0
       1
       0
       0
       1
       0
       1
       0
       0
       1
       0
       0
       1
       0
       0
       0
       0
       0
       0
       1
       0
       0
       0
       0
       1
       0
       0
       1
       0
       0
       0
       0
       0
       2
       0
       1
       1
       0
       1
       0
       0
       1
       0
       0
       1
       0
       0
       0
       1
       0
       2
       1
       0
       1
       0
       1
       0
       0
       0
       0
       2
       0
       0
       0
       1
       0
       1
       0
       0
       0
       0
       0
       0
       0
       0
       0
       1
       1
       1
       0
       1
       0
       0
       0
       1
       0
       0
       0
       0
       0
       1
       0
       1
       0
       0
       0
       0
       0
       1
       0
       0
       1
       0
       0
       0
       0
       0
       2
       1
       0
       1
       0
       1
       1
       0
       1
       1
       0
       0
       1
       0
       0
       0
       0
       0
       1
       1
       1
       0
       0
       0
       1
       0
       0
       1
       1
       0
       0
       0
       0
       0
       0
       0
       1
       0
       1
       2
       0
       0
       0
       0
       1
       0
       0
       2
       0
       0
       0
       0
       0
       1
       0
       0
       1
       0
       0
       0
       1
       0
       1
       1
       0
       2
       1
       3
       0
       0
       0
       0
       0
       0
       0
       0
       0
       0
       1
       0
       0
       1
       2
       0
       0
       1
       0
       0
       1
       0
       0
       0
       0
       0
       0
       0
       0
       0
       0
       0
       0
       0
       0
       0
       0
       0
       0
       0
       1
       0
       0
       0
       1
       0
       1
       0
       0
       0
       0
       2
       0
       0
       1
       0
       0
       1
       0
       0
       1
       1
       1
       1
       0
       2
       0
       1
       2
       0
       1
       1
       0
       0
       0
       0
       1
       0
       0
       0
       0
       0
       0
       0
       0
       2
       1
       0
       0
       0
       0
       0
       0
       0
       0
       0
       1
       0
       1
       0
       1
       0
       0
       0
       0
       2
       2
       2
       0
       0
       1
       0
       0
       0
       1
       0
       1
       0
       0
       0
       0
       1
       0
       0
       0
       1
       0
       0
       1
       0
       0
       1
       0
       1
       0
       1
       0
       0
       2
       0
       1
       0
       0
       0
       2
       1
       0
       0
       0
       0
       0
       1
       2
       1
       0
       0
       0
       0
       1
       0
       1
       1
       0
       3
       0
       0
       0
       0
       0
       0
       0
       0
       0
       0
       0
       0
       0
       0
       0
       0
       0
       0
       0
       0
       0
       0
       0
       0
       0
       0
       0
       0
       0
       0
       0
       0
       0
       0
       0
       0
       0
       0
       0
       0
       0
       0
       0
       0
       0
       0
       0
       0
       0
       0
       0
       0
       0
       0
       0
       0
       0
       0
       0
       0
       0
       0
       0
       0
       0
       0
$ROI:
3
5 213
215 1972
4034 4072
$PRESETS:
None
0
0
$ENER_FIT:
0.000000 0.000000
$MCA_CAL:
3
0.000000E+000 0.000000E+000 0.000000E+000 
$SHAPE_CAL:
3
0.000000E+000 0.000000E+000 0.000000E+000
