$SPEC_ID:
Silicon
$SPEC_REM:
DET# 3
DETDESC# 78-GP-NB0025 Model 928 SN 15355078
AP# Maestro Version 7.01
$DATE_MEA:
03/16/2024 12:16:28
$MEAS_TIM:
1081 1196
$DATA:
0 4095
       0
       0
       0
       0
       0
       0
       0
       0
       0
       0
       3
  123623
 7275498
 3087487
 1692317
 1370256
 1145317
  957130
  802119
  677276
  574575
  494074
  428322
  374332
  329927
  290288
  257705
  229296
  203425
  181826
  161957
  144573
  127722
  114371
  101521
   90135
   79853
   69709
   61867
   54264
   47432
   41789
   36748
   32071
   27824
   24024
   21134
   18479
   16041
   13983
   12014
   10392
    9334
    8236
    7048
    6201
    5813
    4946
    4508
    3930
    3735
    3259
    3091
    2792
    2585
    2389
    2143
    2028
    1892
    1859
    1757
    1681
    1549
    1515
    1430
    1330
    1344
    1290
    1222
    1191
    1127
    1111
    1062
    1078
    1002
    1041
     939
     935
     926
     911
     848
     872
     838
     812
     841
     830
     785
     755
     707
     681
     721
     701
     685
     719
     640
     625
     670
     648
     614
     604
     538
     637
     591
     557
     565
     555
     528
     493
     520
     524
     473
     450
     497
     477
     480
     422
     433
     424
     428
     410
     399
     400
     389
     413
     363
     361
     381
     357
     386
     342
     335
     324
     347
     356
     316
     335
     314
     325
     325
     291
     286
     321
     262
     302
     278
     278
     274
     269
     261
     256
     296
     251
     264
     276
     251
     253
     218
     240
     245
     237
     241
     251
     228
     201
     220
     224
     205
     193
     213
     227
     191
     222
     180
     198
     207
     179
     180
     169
     192
     192
     174
     168
     169
     169
     187
     164
     183
     169
     154
     187
     150
     164
     159
     153
     130
     166
     154
     165
     133
     169
     124
     145
     169
     153
     140
     140
     134
     148
     152
     123
     127
     123
     133
     138
     136
     127
     126
     144
     144
     118
     109
     112
     111
     129
     104
     111
     102
     118
     115
     109
     120
     127
     104
     120
     110
      92
     107
     113
      95
     104
      99
      84
     114
      89
      85
      91
      95
     104
     108
      95
      92
      89
     107
      87
     114
      94
      93
     106
      69
      95
      81
     105
      97
     103
      82
      88
      87
      78
      70
      83
      91
      75
      84
      91
      66
      70
      86
      77
      90
      78
      81
      74
      62
      85
      77
      67
      70
      74
      58
      72
      93
      71
      65
      67
      58
      57
      67
      51
      65
      58
      47
      71
      60
      75
      56
      66
      63
      63
      68
      64
      53
      41
      49
      76
      69
      68
      57
      55
      51
      59
      47
      52
      63
      54
      59
      56
      57
      51
      59
      59
      46
      48
      58
      45
      61
      46
      40
      64
      47
      40
      55
      47
      43
      50
      52
      50
      45
      36
      54
      49
      43
      39
      41
      40
      46
      49
      43
      38
      54
      44
      49
      53
      56
      45
      55
      47
      42
      48
      47
      47
      47
      39
      41
      45
      43
      43
      41
      40
      50
      36
      56
      38
      39
      50
      44
      45
      34
      51
      37
      36
      47
      41
      33
      49
      28
      41
      47
      31
      44
      32
      38
      33
      40
      31
      41
      44
      39
      46
      45
      38
      30
      37
      43
      35
      29
      32
      33
      33
      35
      46
      37
      34
      34
      31
      24
      33
      23
      33
      25
      26
      39
      27
      31
      37
      29
      34
      41
      34
      26
      29
      39
      30
      30
      27
      32
      23
      34
      39
      24
      26
      23
      41
      38
      34
      29
      22
      21
      29
      34
      29
      27
      27
      31
      42
      39
      23
      26
      34
      26
      32
      34
      16
      43
      19
      29
      29
      20
      30
      23
      20
      23
      26
      23
      24
      22
      21
      35
      20
      26
      33
      23
      28
      34
      27
      25
      18
      20
      29
      24
      28
      26
      28
      27
      25
      25
      25
      25
      26
      31
      24
      25
      28
      24
      30
      21
      16
      19
      19
      21
      16
      29
      20
      19
      26
      23
      27
      24
      15
      25
      23
      16
      18
      22
      25
      20
      19
      17
      27
      30
      21
      29
      15
      17
      23
      25
      17
      20
      14
      17
      24
      23
      27
      22
      17
      15
      25
      19
      32
      26
      32
      18
      20
      28
      16
      22
      29
      21
      11
      19
      16
      13
      20
      20
      18
      15
      13
      20
      12
      18
      15
      17
      12
      17
      19
      19
      11
      25
      18
      25
      18
      20
      21
      11
      15
      15
      16
      17
      10
      18
      12
      20
      18
      16
      18
      15
       6
      17
      13
      18
      15
      25
      12
      13
       9
      17
      14
      14
      24
      14
      28
      16
      14
      13
      11
      13
      13
      12
      14
      19
      16
      23
       9
      17
      13
      15
      18
      19
      20
      19
      11
      12
      20
      16
      14
      18
       8
      22
      10
      12
      19
      21
      10
      12
      10
      15
      15
      15
      16
      14
      12
      13
      20
      16
      18
      16
      13
      11
      10
      13
       6
      16
      14
      13
       9
      12
      16
      16
      17
       9
      13
       7
      17
      16
      14
      10
       8
      20
       5
      13
      11
      16
      12
      11
      16
      13
       8
      12
      13
       9
      12
      10
      11
       7
       8
       7
      13
      15
      13
      12
       7
      16
       6
      14
      13
      21
      10
       5
      14
      10
      11
       8
      13
       6
      11
       9
       6
       9
       2
      15
      15
      14
      14
      17
       8
      14
      10
      14
      17
      15
       4
       8
      15
       9
       9
      15
      14
      12
      10
      12
      12
       3
       7
      10
      15
      10
      12
      10
      17
      13
       5
      10
       6
       7
       5
       7
      11
      10
      14
       7
      13
       8
      11
      11
      12
      13
       8
       8
       9
       8
       6
      15
      12
       9
       9
      12
      13
       9
      13
      12
      11
      16
      11
       9
      14
       8
       8
      10
       4
      11
       4
       9
      11
       6
       5
       6
       7
       6
      12
      15
      15
      12
       8
       5
       5
      10
      11
       9
       4
      10
       9
       9
       4
       4
       3
      10
       8
      11
       5
       6
       3
       5
       5
       9
      14
       8
       8
      11
      12
      10
       7
       9
       6
       4
      14
      11
       6
       9
      11
       5
       9
       5
       8
       7
       6
       8
       5
      10
       8
      12
       7
       6
       6
      10
       5
      11
       9
       8
      10
       8
       9
       5
       9
       8
       7
      16
       5
       6
       7
       5
       5
       7
       5
       4
       3
       5
      10
       8
       5
       8
       4
       7
       4
      12
      13
      10
      10
       4
       9
       4
       7
      10
      12
       8
       7
       8
       6
       8
       8
       9
       8
       6
       4
       8
       4
      12
       6
       8
       5
       6
       7
       5
       5
       4
       6
       7
       6
      10
       6
      10
       7
       8
       8
       7
       5
      13
       6
       6
       8
       6
       3
       9
       6
       5
       4
       7
      10
       5
       7
       5
       6
       3
       6
      10
       8
      10
       3
       7
       1
       7
       8
       7
       7
       5
       2
       7
       7
       8
       4
       5
       4
       8
       8
       6
       4
       6
       7
       5
       5
       4
       8
       9
       9
       6
      10
       2
       6
       8
       2
       5
      10
       4
       9
       8
       8
       9
       8
       5
       5
       8
       5
       8
       4
       8
       4
       5
       9
       4
       6
       7
       6
       7
       4
       5
       4
       0
       7
       5
       5
       7
       6
       4
       5
       6
       4
       4
       5
       4
       7
       5
       5
       2
       2
       2
       6
       7
       2
       2
       4
       6
       9
       5
       6
       9
       3
       5
       2
       6
       8
       6
       3
       7
       3
       4
       2
       4
       7
       2
       5
       2
       7
       3
       5
       7
       4
       6
       4
       3
       5
       2
       5
       9
       2
       5
       8
       4
       3
       8
       4
       3
       6
       5
       5
       2
       7
       5
       7
       5
       5
       5
       6
       6
       3
       4
       7
       2
       1
       4
       5
       3
       4
       5
       8
       5
       3
       6
       4
       6
       3
       5
       7
       4
       6
       5
       2
       2
       5
       4
       2
       3
       6
       3
       0
       4
       5
       5
       5
       4
       4
      10
       3
       3
       7
       3
       4
       3
       8
       6
       3
       2
       4
       2
       8
       0
       3
       2
       4
       1
       5
       7
       5
       2
       4
       6
       5
       6
       5
       7
       2
       4
       2
       5
       8
       3
       2
       3
       6
       8
       4
       0
       3
       4
       0
       2
       5
       4
       4
       6
       4
       1
       3
       3
       5
       4
       3
       5
       5
       2
       2
       8
       4
       3
       1
       7
       2
       2
       4
       0
       5
       2
       3
       5
       5
       3
       6
       1
       1
       7
       7
       3
       6
       3
       6
       4
       5
       2
       6
       4
       1
       4
       3
       3
       3
       3
       5
       5
       2
       3
       8
       5
       1
       3
       6
       3
       1
       7
       2
       8
       1
       3
       8
       0
       3
       2
       0
       3
       5
       2
       2
       2
       1
       5
       4
       5
       3
       8
       2
       4
       2
       3
       6
       1
       1
       4
       4
       5
       4
       4
       4
       1
       5
       5
       7
       4
       3
       2
       5
       5
       4
       2
       5
       4
       4
       2
       5
       4
       3
       5
       4
       4
       7
       4
       1
       7
       2
       1
       1
       2
       2
       4
       2
       4
       5
       3
       4
       4
       3
       4
       2
       2
       9
       4
       3
       5
       3
       1
       8
       5
       4
       1
       3
       3
       2
       3
       1
       9
       4
       1
       5
       5
       3
       5
       2
       3
       4
       3
       4
       2
       1
       3
       4
       2
       2
       3
       1
       3
       1
       4
       4
       3
       6
       3
       3
       7
       0
       2
       4
       2
       0
       5
       3
       4
       1
       3
       4
       0
       5
       8
       2
       2
       4
       3
       2
       4
       6
       2
       2
       6
       0
       0
       2
       3
       3
       5
       0
       4
       0
       1
       1
       3
       2
       4
       6
       2
       3
       1
       2
       3
       2
       2
       3
       2
       5
       6
       4
       1
       3
       5
       1
       4
       3
       2
       3
       5
       1
       1
       5
       3
       0
       4
       2
       2
       4
       2
       1
       4
       4
       1
       8
       1
       3
       3
       3
       2
       2
       4
       4
       3
       3
       6
       1
       1
       5
       8
       3
       0
       3
       2
       1
       8
       3
       4
       4
       2
       2
       1
       4
       2
       2
       4
       1
       3
       9
       3
       4
       3
       6
       2
       1
       6
       2
       5
       4
       0
       1
       2
       2
       3
       2
       4
       3
       6
       2
       4
       4
       2
       5
       2
       1
       4
       1
       2
       5
       1
       5
       1
       4
       2
       2
       3
       2
       5
       2
       0
       2
       4
       1
       1
       2
       2
       3
       3
       1
       3
       2
       2
       3
       1
       3
       4
       7
       5
       2
       0
       4
       2
       5
       4
       2
       1
       5
       1
       3
       2
       0
       3
       2
       5
       4
       1
       3
       4
       1
       6
       2
       0
       5
       4
       4
       4
       2
       6
       4
       0
       2
       0
       3
       1
       1
       1
       2
       3
       3
       4
       4
       3
       1
       5
       1
       3
       6
       2
       1
       3
       5
       2
       4
       1
       1
       5
       1
       3
       3
       2
       0
       3
       2
       2
       3
       2
       3
       5
       4
       5
       4
       1
       1
       1
       5
       4
       1
       2
       3
       1
       3
       0
       2
       1
       2
       1
       2
       3
       3
       1
       2
       2
       1
       1
       3
       3
       3
       3
       2
       0
       1
       2
       3
       2
       3
       2
       3
       2
       2
       3
       1
       5
       2
       4
       1
       0
       3
       2
       1
       0
       6
       1
       5
       2
       2
       4
       0
       5
       1
       2
       4
       3
       3
       5
       3
       4
       5
       1
       3
       1
       1
       3
       0
       1
       3
       4
       2
       0
       1
       4
       2
       1
       0
       2
       3
       0
       3
       3
       2
       3
       2
       2
       1
       1
       1
       2
       4
       1
       1
       2
       1
       3
       5
       2
       3
       4
       1
       1
       1
       3
       1
       2
       4
       4
       0
       3
       1
       1
       1
       2
       2
       1
       3
       1
       0
       2
       2
       2
       1
       5
       1
       5
       3
       2
       3
       2
       1
       4
       2
       2
       1
       1
       3
       2
       4
       1
       2
       1
       3
       3
       0
       2
       1
       1
       4
       2
       1
       1
       0
       2
       1
       3
       0
       0
       3
       6
       2
       2
       1
       6
       1
       0
       2
       1
       2
       0
       4
       3
       2
       0
       3
       2
       1
       3
       2
       1
       2
       1
       3
       3
       3
       1
       3
       1
       1
       2
       0
       2
       2
       3
       2
       1
       3
       4
       1
       3
       1
       1
       2
       1
       4
       2
       0
       1
       2
       1
       3
       2
       2
       2
       2
       0
       0
       0
       0
       0
       3
       2
       1
       2
       2
       3
       3
       5
       3
       2
       4
       3
       0
       1
       1
       6
       3
       1
       3
       4
       1
       0
       2
       1
       1
       2
       0
       2
       1
       1
       2
       1
       1
       2
       0
       2
       0
       4
       3
       1
       2
       6
       1
       2
       3
       1
       3
       0
       1
       2
       5
       1
       2
       3
       2
       2
       3
       2
       2
       1
       2
       3
       1
       0
       2
       1
       1
       3
       4
       1
       3
       2
       2
       4
       0
       4
       3
       1
       2
       1
       0
       9
       1
       2
       3
       1
       4
       2
       0
       1
       1
       2
       3
       1
       3
       5
       1
       3
       2
       3
       4
       1
       6
       2
       1
       1
       2
       1
       1
       4
       1
       1
       2
       2
       1
       2
       2
       0
       5
       2
       3
       2
       2
       0
       3
       2
       1
       5
       0
       1
       1
       0
       3
       4
       1
       0
       4
       4
       2
       2
       1
       4
       0
       2
       0
       2
       3
       2
       0
       1
       0
       0
       3
       1
       2
       3
       2
       0
       1
       1
       1
       0
       7
       3
       1
       2
       1
       2
       1
       0
       1
       1
       3
       3
       3
       1
       2
       2
       2
       3
       3
       0
       0
       0
       4
       1
       2
       1
       0
       0
       1
       1
       3
       2
       3
       1
       5
       3
       2
       1
       1
       4
       1
       2
       0
       2
       2
       3
       2
       2
       1
       1
       1
       2
       1
       0
       1
       2
       1
       2
       0
       3
       1
       2
       2
       0
       3
       2
       0
       2
       1
       3
       0
       2
       1
       2
       1
       5
       0
       3
       1
       2
       0
       2
       2
       2
       1
       2
       0
       1
       0
       2
       2
       1
       1
       1
       2
       1
       0
       1
       0
       0
       1
       0
       0
       3
       4
       3
       0
       1
       3
       2
       4
       0
       3
       1
       0
       6
       0
       1
       2
       2
       0
       2
       1
       2
       1
       1
       2
       4
       1
       0
       0
       0
       1
       1
       2
       3
       3
       1
       1
       2
       3
       1
       1
       3
       2
       2
       1
       3
       1
       1
       0
       1
       3
       1
       4
       3
       2
       0
       0
       2
       1
       2
       2
       2
       1
       0
       1
       1
       1
       3
       1
       2
       2
       2
       2
       2
       1
       2
       1
       4
       4
       2
       0
       1
       1
       0
       3
       2
       2
       0
       0
       2
       1
       1
       2
       2
       1
       4
       0
       1
       0
       1
       1
       3
       2
       2
       1
       4
       2
       3
       1
       2
       2
       0
       0
       2
       0
       3
       1
       1
       2
       1
       0
       1
       0
       1
       0
       2
       1
       0
       2
       0
       0
       2
       1
       2
       0
       1
       1
       1
       2
       0
       2
       0
       1
       0
       2
       0
       2
       0
       1
       2
       4
       1
       1
       2
       2
       1
       4
       1
       2
       0
       3
       2
       3
       0
       1
       1
       1
       1
       0
       0
       1
       3
       1
       2
       2
       1
       1
       2
       0
       0
       1
       3
       0
       2
       0
       2
       0
       2
       0
       2
       1
       3
       0
       3
       1
       0
       3
       2
       1
       4
       1
       0
       0
       3
       2
       1
       0
       1
       2
       1
       1
       2
       1
       2
       1
       2
       0
       3
       0
       1
       1
       3
       1
       4
       1
       0
       0
       0
       1
       0
       2
       1
       1
       0
       1
       2
       0
       1
       1
       1
       0
       0
       2
       0
       4
       0
       1
       1
       1
       0
       0
       2
       1
       3
       1
       1
       0
       2
       0
       1
       0
       1
       0
       0
       1
       2
       2
       0
       0
       0
       0
       2
       2
       2
       2
       1
       0
       0
       2
       0
       1
       0
       1
       2
       1
       1
       2
       0
       1
       1
       2
       0
       0
       0
       2
       0
       2
       2
       0
       1
       1
       1
       1
       2
       0
       1
       1
       1
       1
       0
       1
       0
       0
       0
       1
       1
       2
       0
       1
       0
       0
       0
       3
       1
       2
       0
       0
       3
       0
       1
       0
       1
       0
       2
       1
       2
       0
       1
       0
       2
       1
       2
       2
       0
       2
       0
       0
       0
       0
       2
       1
       0
       2
       0
       1
       0
       3
       2
       3
       0
       3
       1
       1
       1
       0
       1
       0
       1
       1
       1
       2
       2
       1
       1
       1
       1
       3
       3
       0
       0
       1
       1
       2
       3
       0
       2
       2
       0
       0
       0
       1
       0
       2
       1
       1
       2
       4
       1
       0
       0
       0
       1
       0
       2
       0
       2
       1
       1
       1
       0
       3
       0
       0
       2
       3
       1
       1
       0
       0
       1
       1
       0
       1
       1
       0
       0
       0
       1
       0
       1
       0
       1
       1
       1
       1
       0
       0
       1
       0
       0
       1
       1
       2
       0
       3
       0
       3
       0
       1
       0
       1
       1
       1
       0
       1
       2
       2
       1
       1
       0
       0
       0
       0
       1
       0
       0
       0
       0
       1
       1
       0
       1
       1
       2
       2
       1
       1
       3
       1
       2
       1
       0
       1
       2
       0
       4
       0
       0
       0
       1
       1
       0
       1
       1
       0
       0
       0
       2
       0
       2
       0
       0
       3
       0
       1
       0
       1
       0
       0
       0
       3
       3
       1
       0
       2
       0
       1
       1
       2
       1
       0
       1
       1
       1
       0
       0
       0
       0
       0
       0
       2
       2
       0
       1
       1
       1
       0
       0
       2
       1
       0
       2
       0
       0
       4
       0
       2
       1
       0
       0
       1
       0
       0
       2
       0
       0
       2
       0
       0
       0
       1
       1
       0
       1
       0
       1
       0
       0
       0
       3
       2
       2
       0
       1
       0
       3
       1
       1
       2
       0
       1
       0
       4
       1
       0
       0
       2
       0
       0
       0
       1
       1
       0
       1
       0
       1
       1
       0
       0
       1
       0
       0
       0
       0
       2
       0
       1
       1
       1
       3
       1
       2
       1
       0
       2
       1
       2
       1
       3
       1
       0
       0
       0
       1
       3
       0
       1
       1
       1
       0
       0
       2
       0
       1
       0
       2
       0
       1
       3
       0
       0
       2
       0
       2
       2
       0
       1
       0
       3
       0
       1
       2
       1
       0
       3
       1
       3
       1
       0
       1
       0
       0
       0
       1
       0
       1
       1
       1
       1
       2
       1
       0
       1
       0
       0
       2
       0
       2
       0
       2
       0
       1
       0
       0
       0
       0
       2
       0
       1
       1
       0
       1
       2
       1
       3
       0
       1
       0
       1
       1
       1
       1
       0
       0
       1
       0
       1
       1
       0
       1
       0
       0
       1
       1
       1
       1
       1
       0
       3
       0
       0
       2
       0
       2
       1
       0
       2
       1
       2
       0
       1
       2
       1
       0
       1
       1
       0
       2
       2
       1
       0
       0
       1
       2
       1
       2
       0
       1
       0
       1
       1
       0
       1
       0
       2
       2
       1
       2
       0
       1
       1
       0
       0
       1
       0
       0
       1
       0
       3
       0
       1
       0
       0
       0
       0
       0
       0
       2
       0
       0
       1
       0
       2
       0
       0
       1
       1
       2
       0
       2
       0
       3
       0
       0
       0
       1
       1
       1
       1
       0
       0
       0
       0
       0
       0
       1
       2
       0
       0
       1
       1
       0
       0
       2
       1
       1
       0
       1
       2
       0
       0
       2
       0
       0
       0
       1
       0
       0
       0
       2
       1
       2
       1
       0
       0
       1
       0
       0
       0
       3
       2
       0
       1
       0
       1
       2
       1
       0
       0
       2
       2
       1
       0
       0
       1
       2
       0
       0
       0
       2
       1
       1
       2
       0
       0
       0
       0
       1
       0
       1
       0
       1
       1
       1
       0
       0
       1
       1
       2
       0
       1
       0
       1
       0
       2
       0
       3
       1
       2
       1
       0
       0
       1
       0
       1
       0
       4
       0
       1
       0
       2
       0
       0
       0
       1
       1
       0
       0
       0
       0
       0
       0
       1
       0
       0
       0
       3
       0
       0
       0
       0
       0
       0
       0
       0
       0
       1
       0
       0
       0
       0
       0
       1
       3
       0
       1
       0
       0
       1
       0
       1
       0
       0
       0
       0
       0
       1
       0
       0
       0
       1
       1
       1
       0
       0
       0
       0
       0
       0
       0
       0
       0
       3
       0
       1
       0
       0
       1
       1
       1
       1
       1
       0
       2
       0
       0
       0
       0
       1
       0
       0
       1
       2
       1
       2
       1
       1
       2
       2
       0
       0
       1
       1
       0
       1
       1
       3
       1
       1
       2
       0
       0
       1
       0
       0
       1
       0
       0
       1
       0
       0
       0
       1
       1
       0
       0
       1
       0
       0
       1
       0
       0
       1
       1
       2
       0
       0
       0
       0
       0
       0
       1
       0
       1
       0
       0
       0
       1
       1
       0
       0
       0
       0
       0
       1
       0
       0
       0
       0
       0
       0
       1
       1
       0
       1
       2
       0
       0
       0
       1
       2
       0
       1
       0
       1
       0
       0
       2
       0
       1
       0
       1
       0
       0
       0
       0
       0
       0
       0
       0
       0
       0
       0
       2
       0
       0
       0
       0
       0
       1
       1
       0
       0
       2
       0
       0
       0
       0
       0
       0
       0
       1
       1
       0
       2
       1
       0
       1
       0
       1
       1
       0
       1
       1
       1
       0
       0
       0
       0
       0
       1
       1
       0
       0
       1
       1
       0
       1
       0
       0
       0
       0
       0
       2
       1
       0
       0
       0
       1
       1
       0
       1
       0
       0
       0
       1
       0
       2
       1
       1
       1
       0
       0
       1
       1
       0
       0
       1
       0
       1
       0
       0
       0
       1
       0
       0
       1
       0
       0
       0
       0
       0
       0
       0
       0
       0
       0
       0
       0
       1
       0
       0
       0
       0
       1
       0
       1
       2
       0
       1
       1
       1
       1
       0
       0
       0
       3
       0
       1
       2
       0
       0
       1
       1
       1
       0
       0
       2
       0
       0
       1
       0
       0
       2
       0
       0
       1
       0
       0
       1
       0
       0
       0
       0
       0
       0
       1
       0
       1
       0
       0
       1
       0
       0
       1
       1
       1
       0
       0
       0
       0
       1
       0
       0
       1
       0
       0
       0
       0
       0
       0
       0
       1
       0
       0
       1
       0
       0
       0
       2
       1
       0
       2
       0
       1
       0
       0
       0
       0
       0
       0
       0
       2
       0
       0
       1
       0
       0
       0
       1
       0
       0
       0
       0
       1
       0
       0
       0
       0
       0
       0
       1
       0
       0
       0
       0
       0
       1
       2
       0
       0
       0
       0
       2
       0
       0
       0
       0
       0
       0
       0
       2
       0
       0
       0
       1
       0
       0
       0
       1
       1
       1
       0
       0
       1
       3
       0
       0
       0
       3
       0
       2
       1
       0
       2
       0
       0
       3
       1
       1
       0
       0
       0
       0
       1
       1
       0
       1
       0
       0
       0
       0
       1
       0
       0
       0
       0
       0
       0
       0
       0
       0
       0
       0
       0
       0
       0
       0
       0
       2
       1
       0
       0
       0
       0
       2
       1
       1
       2
       1
       2
       1
       0
       2
       1
       0
       0
       1
       0
       1
       1
       2
       0
       0
       0
       0
       0
       0
       0
       0
       0
       0
       0
       0
       1
       0
       0
       0
       1
       1
       1
       0
       0
       1
       0
       0
       0
       1
       0
       1
       0
       0
       0
       0
       0
       0
       2
       1
       0
       1
       0
       0
       1
       0
       1
       0
       0
       1
       0
       0
       0
       0
       0
       1
       0
       0
       0
       0
       0
       0
       1
       0
       2
       0
       1
       0
       0
       0
       1
       0
       0
       2
       1
       2
       0
       1
       0
       0
       1
       0
       2
       0
       0
       0
       0
       1
       0
       0
       0
       1
       0
       1
       0
       0
       0
       1
       1
       0
       1
       1
       0
       0
       3
       2
       1
       0
       0
       0
       2
       1
       0
       0
       1
       0
       0
       0
       0
       0
       0
       0
       1
       0
       0
       0
       0
       0
       0
       1
       0
       0
       0
       0
       1
       0
       0
       2
       0
       1
       0
       0
       0
       0
       1
       0
       0
       0
       0
       0
       0
       0
       0
       0
       0
       0
       0
       0
       0
       0
       0
       0
       0
       0
       0
       0
       0
       0
       0
       0
       1
       0
       0
       0
       1
       0
       0
       0
       1
       0
       0
       0
       0
       0
       0
       1
       0
       0
       0
       0
       0
       1
       0
       0
       1
       0
       1
       0
       0
       1
       1
       1
       0
       0
       1
       0
       1
       0
       0
       0
       0
       0
       1
       0
       1
       2
       1
       0
       1
       0
       0
       1
       1
       1
       2
       1
       0
       0
       0
       0
       0
       0
       0
       0
       0
       0
       0
       0
       1
       0
       0
       0
       0
       0
       0
       0
       0
       0
       0
       1
       0
       0
       0
       1
       0
       0
       0
       0
       0
       0
       0
       1
       0
       1
       2
       0
       0
       1
       0
       0
       0
       1
       0
       0
       0
       1
       0
       1
       0
       0
       0
       0
       0
       0
       0
       0
       1
       2
       0
       0
       1
       0
       0
       0
       0
       0
       0
       0
       0
       0
       0
       1
       0
       0
       0
       0
       0
       0
       0
       0
       0
       0
       0
       2
       0
       0
       1
       0
       0
       0
       0
       0
       1
       1
       0
       0
       0
       1
       0
       0
       1
       0
       0
       1
       0
       0
       0
       0
       0
       1
       0
       0
       1
       1
       0
       1
       1
       1
       0
       0
       0
       0
       0
       0
       1
       1
       0
       0
       1
       1
       0
       2
       0
       1
       0
       0
       0
       1
       0
       0
       0
       0
       0
       0
       0
       1
       0
       0
       0
       0
       0
       0
       1
       0
       0
       0
       0
       0
       1
       1
       2
       0
       2
       2
       0
       1
       0
       1
       0
       0
       0
       0
       1
       1
       1
       0
       0
       1
       0
       0
       1
       0
       0
       0
       0
       0
       0
       0
       1
       0
       1
       0
       0
       0
       1
       0
       1
       0
       1
       0
       0
       0
       1
       0
       0
       1
       0
       0
       0
       2
       1
       0
       1
       1
       0
       0
       0
       0
       1
       1
       0
       1
       1
       0
       0
       1
       0
       0
       0
       0
       2
       0
       2
       0
       0
       0
       0
       1
       1
       1
       0
       0
       2
       0
       0
       0
       1
       1
       1
       0
       0
       0
       0
       1
       0
       0
       0
       0
       0
       1
       1
       0
       0
       0
       1
       0
       0
       1
       0
       0
       1
       0
       0
       0
       0
       0
       0
       0
       0
       0
       0
       0
       0
       0
       0
       0
       0
       0
       0
       0
       0
       2
       0
       0
       1
       0
       0
       0
       0
       0
       0
       0
       1
       1
       0
       0
       0
       0
       0
       0
       0
       1
       1
       0
       0
       0
       1
       0
       0
       0
       1
       0
       0
       0
       0
       0
       0
       0
       0
       0
       0
       0
       0
       0
       0
       0
       0
       0
       0
       0
       0
       0
       0
       0
       0
       0
       0
       0
       0
       0
       0
       0
       0
       0
       0
       0
       0
       0
       0
       0
       0
       0
       0
       0
       0
       0
       0
       0
       0
       0
       0
       0
       0
       0
       0
       0
       0
       0
       0
       0
       0
       0
       0
       0
       0
$ROI:
3
5 213
215 1972
4034 4072
$PRESETS:
None
0
0
$ENER_FIT:
0.000000 0.000000
$MCA_CAL:
3
0.000000E+000 0.000000E+000 0.000000E+000 
$SHAPE_CAL:
3
0.000000E+000 0.000000E+000 0.000000E+000
