$SPEC_ID:
Silicon
$SPEC_REM:
DET# 3
DETDESC# 78-GP-NB0025 Model 928 SN 15355078
AP# Maestro Version 7.01
$DATE_MEA:
03/16/2024 11:51:57
$MEAS_TIM:
1084 1198
$DATA:
0 4095
       0
       0
       0
       0
       0
       0
       0
       0
       0
       0
       0
  122605
 7279887
 3113721
 1697929
 1368405
 1141743
  956561
  798856
  673394
  573467
  491503
  427033
  372748
  327530
  289500
  255997
  228852
  203713
  181445
  160636
  143399
  127488
  113519
  101552
   89297
   79000
   70403
   61743
   54217
   47413
   41665
   36810
   31945
   27821
   24203
   21390
   18386
   16164
   14032
   12355
   10655
    9353
    7998
    7214
    6512
    5767
    5073
    4547
    3936
    3627
    3377
    3037
    2837
    2519
    2309
    2194
    1973
    1858
    1869
    1701
    1660
    1620
    1490
    1425
    1332
    1333
    1299
    1274
    1199
    1152
    1208
    1083
    1130
    1019
    1012
     947
     919
     924
     935
     844
     809
     829
     763
     792
     759
     779
     714
     776
     722
     678
     689
     693
     697
     613
     634
     639
     628
     659
     562
     538
     544
     561
     556
     541
     548
     577
     484
     480
     452
     486
     420
     465
     494
     427
     440
     437
     437
     416
     414
     412
     438
     391
     384
     386
     381
     372
     342
     371
     367
     349
     350
     340
     310
     320
     336
     316
     317
     312
     309
     283
     286
     311
     252
     294
     261
     260
     300
     262
     265
     262
     241
     263
     278
     246
     265
     263
     237
     209
     239
     241
     239
     218
     232
     200
     248
     187
     207
     218
     201
     233
     208
     209
     178
     191
     211
     172
     167
     192
     179
     183
     173
     171
     184
     159
     172
     190
     182
     183
     180
     154
     180
     151
     164
     149
     145
     146
     138
     149
     149
     138
     174
     155
     148
     141
     164
     132
     131
     133
     117
     132
     140
     130
     146
     119
     120
     127
     116
     138
     110
     134
     122
     121
     129
     123
     104
      96
     110
     108
     112
     102
     111
      94
      96
     100
     117
     107
     100
     112
      96
     105
     103
      93
      85
      94
     121
      93
      86
     100
      88
      97
      91
     106
      78
      99
      84
      84
      97
      92
      84
      84
      79
      65
      75
      94
      83
      80
      78
      96
      90
      78
      83
      75
      80
      81
      62
      86
      79
      80
      65
      84
      84
      79
      79
      58
      64
      56
      67
      58
      68
      76
      54
      69
      67
      70
      50
      52
      63
      69
      63
      67
      55
      53
      72
      68
      61
      57
      62
      46
      63
      59
      60
      60
      59
      69
      69
      71
      65
      57
      41
      64
      69
      63
      63
      67
      55
      66
      51
      41
      56
      60
      55
      58
      54
      43
      43
      47
      54
      62
      46
      44
      41
      38
      53
      60
      46
      41
      38
      36
      37
      50
      49
      50
      34
      46
      44
      37
      47
      55
      50
      50
      51
      54
      27
      58
      44
      39
      59
      44
      36
      48
      38
      39
      33
      46
      48
      31
      42
      33
      45
      51
      33
      33
      41
      45
      50
      48
      38
      44
      44
      44
      35
      29
      43
      41
      46
      33
      52
      36
      37
      36
      35
      40
      37
      40
      30
      42
      30
      36
      28
      42
      36
      34
      40
      43
      46
      38
      27
      41
      32
      25
      35
      30
      37
      31
      32
      24
      27
      25
      31
      26
      27
      20
      34
      37
      40
      36
      42
      23
      24
      36
      33
      26
      29
      26
      35
      34
      26
      34
      28
      25
      20
      29
      28
      18
      24
      30
      31
      20
      18
      21
      31
      34
      23
      31
      25
      24
      31
      23
      34
      21
      21
      20
      21
      26
      26
      24
      32
      24
      28
      27
      31
      32
      27
      32
      35
      14
      31
      32
      26
      23
      18
      22
      19
      28
      35
      22
      23
      23
      34
      21
      25
      17
      30
      23
      21
      32
      25
      21
      26
      23
      25
      27
      21
      25
      24
      25
      22
      28
      16
      27
      26
      15
      22
      25
      15
      23
      21
      23
      25
      23
      21
      21
      19
      25
      15
      18
      15
      27
      15
      26
      19
      14
      19
      22
      18
      22
      23
      17
      19
      20
      25
      25
      23
      20
      28
      17
      17
      21
      21
      25
      13
      23
      16
      20
      21
      26
      22
      20
      12
      21
      18
      12
      30
      18
      16
      21
      16
      25
      11
      11
      14
      24
      22
       8
      19
      11
      15
      16
      16
      14
      13
      21
       9
      19
      13
      12
      16
      22
      14
      15
      14
      15
      17
      12
      22
       9
       9
      10
      19
      21
      13
      16
      19
      18
      20
      13
      15
      17
      11
      21
      16
      14
      14
      15
      16
      13
      11
      16
      13
      13
       9
       5
      11
      17
       9
       8
      25
      17
      19
      12
      16
      12
      18
      13
      14
      12
      14
      16
      16
      20
      10
      17
      17
      18
      15
      14
      19
      13
      13
      15
      12
       9
       7
      10
      16
      14
      13
      10
      16
      15
      13
      14
      13
      11
      13
      19
      10
      16
       9
      19
      10
       8
      14
      12
      11
      13
       5
      11
      10
      10
      18
       8
      11
       9
      18
       8
       9
      12
      13
      23
      13
      11
       8
       5
      10
      22
      23
      16
      14
      11
      11
      11
      12
      11
      14
      17
       9
      13
      13
      12
      12
      10
       3
      13
       8
      12
       7
      16
      13
      13
      13
      10
      18
       9
      10
      13
       7
       9
       9
      16
      14
       8
      10
      16
       8
       9
       7
       7
       9
       7
       4
       6
      13
      11
      11
       8
       8
      11
      16
      16
       9
       8
       7
      15
      11
      11
      10
       9
      10
       6
       6
       7
      12
      14
       6
      11
       6
      12
       6
       5
       6
      11
      13
      11
       7
       7
       7
       7
      11
      10
      11
       9
      17
      11
      11
      10
       4
       8
       4
       7
       9
       8
       7
      13
       6
       6
       8
      10
       5
       7
      14
      11
       8
       9
       8
      10
       9
       9
      11
       8
      11
       6
       4
      12
       5
       7
      10
       8
       9
       7
       9
       8
       4
       5
       8
      13
       5
       2
       7
       9
       5
       6
      11
       7
      10
      17
      10
       8
      13
       4
       4
       6
      11
       9
       6
       2
       8
      15
       8
       5
       6
      10
       1
       9
      10
       8
       9
       3
       7
       6
       6
       3
       5
       7
       5
       7
       3
       5
       9
       9
       2
       9
       6
       7
       7
       4
       7
       8
       3
       3
       6
       8
       6
       8
       1
       3
       8
       8
       9
       3
       6
       6
      13
       7
       1
       4
       4
       4
       3
       4
       3
       5
       2
       9
       6
       6
       6
       6
      12
       4
       7
       3
       4
       6
       5
       7
       4
       6
       9
       4
       4
      11
      11
       4
       5
       4
       5
       7
       2
       4
       4
       8
       5
       6
       6
       9
       6
       5
       3
       7
       8
       5
       4
       6
       4
       6
       5
       5
       1
      10
       8
       3
       8
       3
      11
       6
       7
       8
      12
       2
       5
      12
       8
       8
       6
       5
       5
       7
       2
       9
       9
       1
      10
       8
       6
       8
       7
       6
       4
       7
       6
       9
       9
       3
       6
       7
       5
       4
       5
      10
       2
       7
       4
       4
       2
       7
       4
       4
       2
       9
       6
       9
       4
       1
       6
       3
       4
       4
       1
       2
       6
       8
       2
       9
       6
       6
       2
       3
       5
       6
       3
       8
       1
       3
       4
       3
       2
       4
       6
       6
       9
       3
       2
       4
       6
      10
       5
       5
       3
       3
       6
       5
       8
       7
       6
       6
       2
       9
       6
       2
       3
       4
       5
       4
       6
       3
       7
       1
       5
       5
       4
       5
       7
       6
       2
       7
       4
       6
       2
       6
       6
       8
       3
       6
       8
       5
       8
       3
       6
       5
       7
       4
       1
       3
       5
       4
       4
       7
       4
       6
       6
       6
       2
       9
       1
       5
       3
       1
       7
       4
       3
       7
       3
       4
       6
       0
       4
       2
       2
       1
       3
       4
       6
       3
       7
       4
       5
       3
       6
       4
       4
       5
       1
       5
       3
       1
       3
       7
       1
       3
       1
       5
      11
       4
       1
       6
       2
       3
       4
       5
       6
       4
       4
       2
       4
       4
       4
       6
       4
       5
       4
       1
       2
       7
       4
       4
       9
       5
       8
       3
       6
       2
       8
       6
       2
       2
       4
       2
       5
       4
       2
       5
       6
       1
       4
       2
       3
       1
       1
       3
       4
       4
       5
       5
       5
       3
       3
       3
       2
       4
       3
       4
       1
       3
       2
       2
       2
       4
       6
       1
       5
       4
       4
       6
       4
       3
       2
       2
       5
       4
       4
       3
       3
       9
       6
       4
       4
       3
       4
       7
       4
       3
       4
       2
       3
       2
       5
       2
       5
       4
       8
       1
       5
       2
       7
       3
       5
       4
       2
       5
       2
       5
       5
       4
       2
       5
       5
       3
       4
       2
       5
       3
       2
       4
       3
       2
       3
       5
       1
       6
       2
       5
       5
       3
       3
       2
       5
       7
       5
       6
       4
       1
       9
       2
       5
       2
       6
       1
       3
       6
       5
       7
       4
       3
       5
       5
       6
       2
       5
       4
       6
       2
       4
       2
       3
       4
       5
       3
       3
       1
       1
       2
       1
       0
       2
       6
       2
       2
       0
       5
       2
       2
       5
       3
       3
       2
       6
       3
       2
       2
       6
       1
       3
       1
       1
       1
       6
       2
       5
       3
       3
       1
       3
       3
       2
       2
       1
       1
       2
       1
       2
       4
       0
       5
       3
       1
       2
       3
       4
       2
       3
       2
       5
       4
       4
       3
       5
       1
       3
       5
       2
       3
       1
       2
       3
       1
       3
       3
       3
       5
       1
       1
       2
       2
       2
       3
       4
       3
       4
       2
       5
       2
       1
       2
       2
       8
       3
       3
       1
       2
       4
       0
       4
       2
       2
       5
       0
       2
       2
       2
       3
       2
       0
       5
       0
       1
       5
       1
       4
       1
       3
       1
       6
       2
       3
       5
       3
       1
       2
       3
       3
       2
       2
       2
       2
       3
       3
       2
       0
       5
       2
       2
       2
       2
       5
       4
       3
       3
       3
       2
       2
       4
       3
       3
       4
       2
       3
       2
       0
       0
       4
       3
       2
       3
       3
       0
       5
       4
       4
       4
       3
       4
       0
       2
       2
       1
       1
       3
       1
       4
       4
       6
       0
       2
       3
       3
       5
       2
       2
       5
       1
       3
       1
       5
       3
       1
       3
       3
       3
       1
       0
       7
       3
       0
       4
       2
       2
       3
       1
       7
       2
       2
       2
       3
       4
       6
       3
       3
       4
       0
       1
       1
       1
       7
       0
       2
       2
       2
       1
       0
       1
       4
       1
       3
       1
       3
       1
       0
       4
       1
       7
       2
       2
       2
       1
       2
       4
       2
       5
       2
       2
       6
       5
       4
       5
       3
       2
       3
       1
       1
       0
       1
       3
       1
       2
       2
       1
       3
       1
       3
       5
       1
       1
       1
       0
       2
       4
       3
       3
       3
       1
       2
       2
       2
       2
       2
       2
       3
       3
       1
       1
       4
       5
       1
       1
       0
       5
       3
       3
       2
       4
       2
       1
       4
       0
       3
       3
       1
       1
       4
       2
       0
       0
       1
       1
       4
       3
       1
       3
       0
       2
       2
       3
       1
       3
       3
       0
       4
       2
       1
       2
       3
       1
       1
       4
       1
       4
       1
       1
       4
       2
       4
       0
       3
       1
       1
       2
       6
       1
       1
       2
       1
       2
       2
       6
       3
       1
       2
       1
       4
       3
       3
       2
       3
       2
       3
       1
       2
       2
       1
       2
       2
       2
       3
       0
       1
       4
       6
       4
       2
       2
       3
       2
       1
       1
       2
       3
       0
       1
       1
       1
       2
       5
       3
       1
       3
       1
       1
       1
       3
       1
       2
       0
       2
       3
       1
       3
       2
       0
       0
       1
       1
       5
       1
       2
       3
       2
       4
       4
       4
       2
       4
       4
       3
       2
       3
       1
       2
       4
       2
       3
       2
       2
       3
       1
       3
       4
       5
       2
       0
       5
       3
       2
       2
       2
       4
       3
       4
       2
       1
       1
       2
       0
       3
       1
       3
       3
       2
       1
       1
       0
       1
       1
       1
       2
       2
       1
       1
       1
       3
       4
       1
       5
       1
       3
       1
       1
       2
       4
       2
       0
       2
       2
       1
       2
       3
       2
       2
       4
       2
       3
       4
       2
       1
       1
       0
       1
       1
       0
       1
       4
       4
       2
       1
       1
       1
       2
       1
       0
       1
       1
       1
       1
       2
       7
       2
       5
       5
       2
       3
       3
       1
       2
       2
       0
       1
       4
       3
       2
       2
       0
       3
       1
       1
       3
       1
       1
       2
       2
       6
       1
       1
       2
       3
       1
       0
       1
       2
       1
       2
       1
       2
       1
       3
       2
       2
       1
       1
       2
       0
       3
       2
       0
       2
       2
       3
       4
       2
       1
       0
       0
       1
       4
       0
       4
       1
       2
       2
       3
       1
       4
       2
       3
       1
       3
       0
       2
       0
       1
       0
       0
       1
       1
       2
       2
       5
       4
       0
       3
       0
       1
       0
       2
       0
       2
       1
       1
       1
       2
       7
       1
       0
       2
       1
       1
       0
       3
       1
       1
       1
       1
       2
       2
       2
       1
       5
       1
       0
       2
       0
       0
       3
       6
       0
       3
       1
       2
       1
       2
       2
       4
       2
       0
       4
       2
       2
       1
       3
       1
       0
       3
       0
       1
       0
       2
       2
       1
       4
       3
       3
       2
       2
       1
       0
       2
       0
       2
       4
       5
       1
       1
       0
       3
       5
       1
       0
       0
       4
       4
       3
       4
       1
       1
       1
       1
       2
       3
       4
       0
       0
       1
       1
       2
       1
       0
       3
       3
       2
       1
       1
       1
       1
       3
       2
       1
       1
       0
       4
       3
       1
       3
       4
       1
       3
       3
       1
       1
       1
       3
       0
       4
       2
       2
       2
       1
       0
       3
       5
       2
       0
       1
       0
       2
       2
       2
       2
       2
       0
       1
       2
       1
       0
       2
       3
       1
       1
       1
       2
       2
       1
       3
       0
       4
       4
       1
       1
       3
       2
       4
       0
       1
       3
       1
       2
       2
       5
       2
       0
       1
       1
       3
       0
       2
       0
       2
       1
       0
       0
       1
       0
       5
       1
       1
       2
       0
       1
       1
       1
       1
       3
       1
       4
       1
       1
       3
       2
       2
       2
       1
       1
       2
       1
       5
       0
       0
       1
       0
       0
       2
       0
       0
       0
       1
       1
       2
       0
       1
       1
       1
       1
       4
       2
       2
       1
       0
       1
       1
       0
       1
       1
       1
       1
       0
       2
       1
       3
       1
       1
       1
       0
       1
       1
       0
       0
       0
       3
       2
       1
       2
       0
       1
       2
       1
       1
       2
       0
       1
       2
       0
       3
       2
       2
       1
       1
       2
       0
       2
       1
       2
       0
       3
       3
       1
       0
       1
       1
       1
       2
       3
       2
       1
       1
       1
       0
       4
       2
       2
       0
       2
       1
       1
       0
       0
       2
       2
       1
       0
       2
       0
       2
       0
       2
       2
       0
       1
       2
       0
       3
       4
       0
       1
       2
       2
       0
       2
       1
       1
       1
       0
       1
       2
       3
       0
       0
       1
       0
       2
       0
       1
       1
       1
       0
       1
       3
       0
       1
       0
       1
       1
       1
       1
       1
       1
       3
       1
       2
       0
       0
       1
       0
       1
       0
       1
       0
       1
       0
       4
       2
       2
       2
       4
       2
       0
       1
       1
       0
       0
       2
       0
       2
       2
       2
       2
       0
       0
       2
       2
       1
       2
       4
       0
       2
       1
       1
       0
       2
       0
       0
       1
       1
       1
       3
       1
       1
       0
       1
       2
       2
       0
       0
       1
       1
       1
       0
       2
       1
       0
       2
       0
       0
       3
       1
       2
       2
       5
       0
       1
       1
       0
       0
       1
       2
       2
       0
       2
       2
       0
       2
       1
       1
       0
       2
       4
       3
       2
       1
       0
       0
       1
       0
       1
       0
       0
       1
       1
       0
       2
       0
       2
       0
       2
       0
       2
       1
       0
       2
       0
       0
       1
       1
       2
       1
       1
       1
       1
       1
       2
       1
       0
       1
       1
       2
       3
       0
       0
       0
       0
       1
       1
       2
       1
       1
       0
       1
       2
       0
       0
       1
       2
       0
       1
       2
       0
       2
       0
       0
       0
       3
       1
       1
       1
       0
       0
       2
       1
       0
       1
       2
       4
       0
       1
       1
       0
       0
       0
       1
       1
       1
       2
       0
       1
       1
       0
       2
       1
       2
       0
       2
       0
       1
       0
       1
       1
       0
       1
       1
       0
       4
       2
       0
       2
       1
       1
       0
       1
       1
       0
       1
       1
       1
       2
       1
       1
       1
       0
       4
       0
       1
       1
       1
       1
       0
       1
       0
       0
       0
       1
       0
       1
       0
       1
       3
       2
       2
       2
       0
       1
       0
       1
       0
       1
       0
       2
       0
       0
       2
       1
       2
       1
       3
       0
       0
       1
       0
       0
       1
       2
       1
       2
       0
       1
       2
       1
       1
       2
       1
       1
       1
       1
       1
       0
       1
       2
       1
       0
       0
       1
       2
       1
       0
       0
       0
       2
       0
       3
       1
       0
       0
       0
       0
       0
       1
       4
       2
       0
       2
       1
       0
       1
       0
       0
       2
       2
       1
       1
       0
       1
       0
       1
       3
       2
       1
       2
       1
       2
       2
       1
       0
       2
       3
       2
       1
       1
       0
       3
       0
       3
       0
       2
       1
       1
       0
       1
       2
       1
       1
       0
       2
       2
       1
       1
       0
       0
       2
       0
       2
       3
       3
       0
       1
       1
       0
       4
       1
       2
       2
       1
       0
       0
       0
       0
       0
       3
       0
       1
       1
       0
       1
       1
       2
       1
       0
       1
       1
       1
       0
       2
       0
       1
       0
       0
       1
       0
       1
       0
       0
       0
       1
       0
       0
       0
       1
       0
       0
       0
       0
       0
       0
       1
       1
       1
       2
       1
       2
       1
       1
       1
       1
       2
       1
       0
       1
       1
       0
       0
       1
       1
       1
       2
       0
       1
       2
       0
       1
       0
       0
       1
       1
       3
       3
       0
       3
       1
       2
       1
       0
       3
       1
       1
       2
       2
       0
       0
       0
       1
       0
       2
       0
       0
       0
       0
       1
       0
       1
       3
       0
       0
       3
       1
       0
       0
       0
       2
       0
       1
       0
       0
       0
       3
       1
       0
       1
       1
       1
       0
       0
       0
       1
       0
       0
       1
       0
       0
       3
       0
       1
       2
       2
       1
       0
       0
       1
       0
       0
       1
       3
       1
       3
       2
       0
       1
       0
       1
       0
       0
       1
       0
       0
       0
       2
       0
       0
       1
       0
       1
       0
       3
       0
       0
       0
       1
       2
       0
       0
       1
       0
       1
       0
       1
       0
       1
       2
       1
       0
       0
       1
       1
       0
       0
       0
       1
       0
       0
       1
       1
       0
       2
       0
       3
       2
       3
       1
       2
       0
       1
       1
       1
       0
       0
       0
       0
       2
       0
       2
       1
       0
       2
       0
       1
       1
       2
       0
       1
       1
       0
       3
       0
       1
       1
       0
       1
       3
       1
       1
       0
       1
       1
       0
       0
       0
       1
       1
       0
       0
       1
       0
       0
       0
       0
       0
       0
       1
       1
       0
       0
       1
       1
       1
       0
       1
       0
       1
       0
       0
       2
       0
       0
       1
       0
       2
       0
       0
       1
       1
       0
       0
       1
       2
       1
       1
       0
       0
       0
       0
       0
       0
       0
       0
       0
       1
       0
       0
       0
       0
       0
       2
       0
       0
       0
       1
       1
       0
       1
       0
       0
       0
       0
       0
       0
       1
       2
       1
       2
       0
       0
       1
       1
       1
       0
       0
       1
       0
       0
       1
       1
       1
       1
       2
       1
       2
       0
       1
       0
       0
       1
       0
       0
       2
       1
       0
       0
       0
       0
       0
       1
       0
       1
       1
       1
       0
       0
       0
       1
       2
       0
       0
       3
       2
       1
       0
       1
       0
       1
       0
       0
       0
       1
       2
       0
       0
       0
       1
       1
       0
       0
       1
       0
       0
       0
       3
       0
       0
       1
       1
       1
       0
       1
       1
       1
       1
       1
       1
       2
       0
       0
       0
       1
       0
       3
       0
       0
       1
       0
       0
       0
       0
       0
       0
       0
       0
       0
       0
       2
       0
       0
       1
       1
       2
       0
       0
       0
       0
       0
       2
       0
       0
       0
       0
       1
       1
       0
       0
       1
       0
       0
       0
       1
       0
       0
       1
       0
       2
       1
       1
       0
       0
       2
       1
       0
       0
       1
       0
       0
       0
       2
       1
       1
       0
       0
       0
       0
       1
       0
       1
       0
       0
       1
       0
       1
       0
       0
       1
       1
       1
       1
       1
       0
       0
       1
       0
       0
       0
       1
       0
       2
       0
       1
       0
       0
       1
       1
       0
       1
       2
       1
       2
       1
       1
       0
       1
       0
       0
       0
       0
       0
       1
       1
       2
       0
       1
       1
       1
       0
       2
       0
       0
       1
       0
       2
       1
       0
       0
       0
       0
       0
       0
       0
       0
       1
       1
       0
       1
       1
       0
       0
       1
       1
       1
       0
       1
       1
       2
       1
       2
       0
       0
       1
       2
       0
       1
       1
       2
       0
       0
       0
       0
       1
       0
       0
       0
       0
       0
       1
       0
       1
       0
       2
       0
       1
       0
       0
       1
       2
       0
       0
       1
       2
       0
       0
       1
       2
       1
       0
       2
       2
       0
       1
       0
       1
       1
       0
       0
       1
       0
       1
       0
       0
       0
       0
       0
       0
       1
       1
       1
       2
       1
       0
       0
       0
       1
       1
       0
       1
       0
       0
       0
       1
       0
       0
       0
       1
       0
       0
       0
       0
       0
       0
       0
       0
       0
       0
       0
       1
       1
       0
       0
       0
       1
       0
       1
       2
       0
       1
       1
       1
       0
       0
       0
       0
       0
       0
       1
       0
       0
       2
       1
       0
       1
       2
       0
       2
       0
       0
       3
       0
       0
       1
       1
       0
       0
       0
       2
       2
       3
       0
       1
       1
       0
       1
       0
       0
       0
       0
       1
       1
       1
       0
       2
       0
       0
       0
       0
       1
       0
       0
       1
       0
       2
       0
       2
       0
       0
       0
       1
       1
       0
       1
       0
       1
       0
       0
       0
       1
       0
       1
       0
       1
       0
       0
       0
       0
       1
       0
       0
       0
       0
       0
       0
       0
       0
       1
       0
       0
       0
       0
       0
       0
       0
       0
       1
       1
       0
       0
       0
       1
       2
       1
       0
       1
       1
       1
       1
       2
       0
       0
       0
       0
       0
       0
       0
       0
       0
       0
       1
       1
       1
       1
       0
       0
       0
       0
       0
       0
       0
       0
       1
       0
       1
       0
       1
       0
       1
       0
       0
       1
       0
       0
       1
       0
       0
       0
       0
       0
       0
       0
       0
       1
       0
       0
       1
       0
       0
       0
       0
       0
       1
       0
       1
       0
       2
       0
       0
       0
       2
       0
       0
       0
       0
       0
       0
       0
       0
       0
       1
       1
       0
       0
       0
       0
       1
       0
       0
       2
       1
       0
       1
       1
       0
       1
       1
       0
       0
       1
       0
       1
       0
       1
       0
       0
       0
       0
       0
       0
       1
       0
       0
       0
       0
       1
       0
       2
       0
       0
       0
       0
       0
       0
       0
       1
       0
       0
       1
       2
       1
       0
       0
       0
       1
       0
       0
       0
       1
       0
       0
       0
       2
       0
       0
       3
       0
       0
       1
       0
       0
       1
       1
       1
       1
       0
       0
       0
       1
       0
       0
       0
       0
       1
       0
       0
       0
       0
       0
       1
       0
       0
       1
       1
       0
       2
       1
       0
       1
       0
       0
       0
       0
       0
       1
       1
       0
       0
       0
       1
       0
       0
       2
       2
       2
       0
       0
       0
       1
       0
       0
       1
       0
       0
       0
       0
       1
       1
       1
       1
       0
       1
       1
       2
       0
       2
       0
       0
       0
       0
       0
       2
       0
       0
       0
       0
       2
       0
       0
       0
       0
       0
       1
       0
       0
       1
       0
       0
       0
       0
       0
       1
       1
       0
       0
       0
       1
       0
       0
       0
       0
       1
       0
       0
       1
       0
       0
       0
       0
       0
       0
       0
       0
       1
       2
       0
       1
       0
       1
       1
       0
       0
       1
       0
       0
       1
       0
       0
       2
       0
       0
       0
       0
       0
       0
       0
       0
       0
       0
       0
       0
       0
       0
       0
       1
       0
       0
       0
       0
       0
       0
       1
       0
       0
       1
       0
       0
       1
       1
       1
       0
       0
       0
       0
       1
       1
       0
       1
       0
       0
       0
       0
       0
       2
       0
       0
       1
       1
       0
       0
       1
       1
       0
       0
       1
       0
       0
       0
       0
       0
       0
       0
       1
       1
       2
       1
       0
       0
       1
       0
       0
       1
       1
       0
       0
       0
       1
       0
       0
       1
       0
       0
       0
       0
       1
       0
       0
       0
       0
       0
       0
       1
       0
       0
       0
       0
       0
       0
       0
       1
       0
       0
       0
       0
       0
       1
       0
       0
       0
       0
       0
       0
       0
       0
       0
       1
       0
       0
       0
       0
       0
       1
       0
       0
       1
       1
       0
       0
       0
       1
       0
       0
       1
       0
       0
       0
       1
       0
       0
       0
       0
       1
       0
       0
       1
       0
       1
       0
       2
       0
       1
       1
       0
       0
       0
       0
       0
       0
       0
       2
       0
       0
       0
       0
       0
       1
       1
       1
       0
       0
       0
       0
       0
       1
       0
       0
       0
       0
       0
       0
       0
       0
       0
       1
       1
       0
       1
       2
       1
       0
       0
       0
       1
       0
       1
       0
       0
       0
       0
       0
       0
       1
       1
       0
       0
       0
       0
       0
       0
       0
       1
       0
       0
       0
       1
       2
       0
       0
       0
       0
       0
       0
       0
       1
       0
       0
       0
       0
       0
       1
       2
       1
       2
       0
       0
       0
       0
       1
       0
       0
       1
       0
       1
       0
       0
       1
       1
       0
       0
       1
       2
       0
       0
       0
       0
       1
       0
       0
       0
       0
       0
       0
       0
       2
       0
       0
       0
       0
       1
       3
       1
       0
       1
       1
       0
       0
       2
       0
       0
       0
       0
       0
       0
       0
       0
       1
       0
       1
       1
       0
       0
       0
       0
       0
       0
       0
       1
       0
       1
       0
       0
       0
       0
       0
       0
       1
       0
       0
       0
       1
       0
       0
       0
       0
       0
       0
       0
       0
       1
       1
       1
       0
       0
       0
       1
       0
       0
       1
       0
       0
       0
       0
       1
       0
       2
       0
       0
       0
       1
       0
       0
       0
       0
       0
       0
       1
       0
       0
       0
       0
       0
       0
       0
       0
       0
       1
       0
       0
       0
       0
       0
       1
       0
       0
       0
       0
       0
       0
       0
       2
       0
       1
       0
       1
       0
       0
       1
       0
       0
       0
       0
       0
       0
       0
       1
       1
       1
       0
       0
       0
       0
       1
       0
       0
       1
       0
       0
       1
       0
       0
       0
       0
       0
       1
       1
       0
       1
       0
       0
       0
       0
       0
       0
       0
       0
       0
       0
       0
       0
       0
       0
       0
       0
       0
       0
       0
       0
       0
       0
       0
       0
       0
       0
       0
       0
       0
       0
       0
       0
       0
       0
       0
       0
       0
       0
       0
       0
       0
       0
       0
       0
       0
       0
       0
       0
       0
       0
       0
       0
       0
       0
       0
       0
       0
       0
       0
       0
       0
       0
       0
       0
       0
$ROI:
3
5 213
215 1972
4034 4072
$PRESETS:
None
0
0
$ENER_FIT:
0.000000 0.000000
$MCA_CAL:
3
0.000000E+000 0.000000E+000 0.000000E+000 
$SHAPE_CAL:
3
0.000000E+000 0.000000E+000 0.000000E+000
