$SPEC_ID:
Silicon
$SPEC_REM:
DET# 3
DETDESC# 78-GP-NB0025 Model 928 SN 15355078
AP# Maestro Version 7.01
$DATE_MEA:
03/16/2024 13:37:40
$MEAS_TIM:
1105 1223
$DATA:
0 4095
       0
       0
       0
       0
       0
       0
       0
       0
       0
       0
       1
  142352
 7512045
 3027238
 1724180
 1422896
 1216085
 1040095
  886982
  753801
  640926
  545228
  468106
  403386
  349406
  304810
  267151
  233797
  206034
  182697
  162128
  142267
  126005
  111862
   98879
   87437
   77608
   67878
   59918
   53000
   46282
   40978
   35609
   31251
   27399
   23774
   20604
   18102
   15883
   13615
   12201
   10389
    9170
    8050
    6985
    6061
    5369
    4772
    4218
    3727
    3286
    3001
    2635
    2330
    2186
    1942
    1776
    1580
    1435
    1361
    1192
    1206
    1054
    1044
     962
     897
     869
     798
     793
     774
     682
     710
     618
     616
     594
     600
     535
     548
     526
     536
     487
     502
     448
     492
     433
     439
     371
     412
     376
     405
     371
     371
     355
     326
     319
     318
     345
     330
     332
     297
     298
     330
     281
     310
     242
     265
     265
     275
     240
     244
     248
     225
     272
     245
     220
     241
     207
     220
     210
     207
     194
     184
     189
     200
     196
     209
     174
     173
     172
     165
     153
     163
     184
     179
     144
     156
     164
     160
     169
     159
     141
     160
     140
     136
     150
     126
     156
     134
     130
     124
     125
     122
     144
     130
     134
     118
      97
     122
     132
     110
     123
      94
      84
     121
     102
     107
      88
     100
      93
     105
      95
     104
      82
     104
      98
      90
     102
      96
      99
      83
     101
      83
      81
      83
      84
      82
      91
     108
      88
      68
      76
      94
      81
      86
      92
      67
      88
      79
      76
      61
      78
      64
      61
      78
      65
      65
      64
      83
      58
      73
      56
      79
      59
      59
      55
      53
      73
      53
      58
      55
      64
      72
      53
      58
      56
      40
      65
      52
      68
      53
      51
      53
      57
      48
      43
      55
      51
      56
      63
      45
      47
      48
      41
      37
      60
      50
      46
      49
      44
      53
      49
      56
      63
      41
      39
      41
      43
      41
      42
      32
      47
      38
      41
      50
      39
      46
      55
      48
      37
      48
      41
      36
      31
      43
      40
      33
      21
      28
      24
      33
      29
      41
      38
      32
      43
      44
      28
      41
      26
      27
      26
      28
      36
      32
      27
      30
      27
      33
      34
      35
      35
      23
      34
      37
      32
      28
      30
      33
      27
      21
      28
      35
      30
      34
      33
      30
      34
      32
      28
      24
      32
      29
      31
      26
      24
      27
      26
      37
      20
      21
      30
      25
      21
      18
      25
      27
      28
      30
      28
      16
      20
      29
      23
      25
      25
      20
      34
      18
      27
      21
      19
      16
      20
      18
      23
      23
      20
      26
      25
      22
      16
      28
      19
      22
      21
      19
      17
      29
      29
      15
      20
      30
      23
      24
      19
      22
      29
      24
      16
      16
      14
      18
      25
      18
      16
      17
      21
      19
      20
      25
      16
      13
      26
      14
      21
      23
      19
      21
      16
      19
      18
      24
      13
      18
      15
      21
      26
      20
      11
      15
      16
      26
      10
      14
      10
      10
      16
      10
      13
      10
      15
      14
      21
      22
      16
      16
       8
      14
      19
      15
      13
      17
      14
      14
      18
      13
      15
      15
      10
      14
      18
      15
      13
      11
      14
      10
      10
      17
      19
      14
      12
      16
      10
      14
      12
      21
       7
      18
      20
       5
      13
      10
       6
      15
      10
      16
      11
       8
      11
      13
      15
      14
      12
      12
      17
      23
      17
      13
      18
      11
      15
      13
       9
      15
      11
      12
      18
      13
      11
      11
      19
      15
       8
      18
      12
      15
      11
      15
      16
      13
      13
      14
      16
      22
      16
      11
      12
      17
      10
       5
      20
      12
      12
       8
       8
      14
      15
       8
       8
       7
      12
      16
       9
       9
      16
      11
      17
       6
      16
       8
      11
      12
      12
       6
      15
      10
       8
       7
      11
      12
      10
      10
       9
       8
       7
      12
      15
      12
      13
      12
       9
      11
       7
       8
       6
      13
      13
       7
      11
      16
       6
      12
       8
       7
       5
      17
       8
       6
      11
       9
       7
       7
      10
      14
      12
      14
      11
       6
       7
      14
       8
       8
       9
      11
       8
       4
      11
       6
      10
       6
       6
      13
       6
      12
       8
       7
      14
       9
       5
      14
       5
       7
       6
      10
       8
       9
      11
       6
      12
      11
       4
       6
       7
       6
       6
      10
       9
       5
      12
       7
      12
      10
      10
       3
       8
      10
       3
       8
       7
      10
       8
      11
      16
      11
      11
       8
       9
       6
       9
       9
       5
       4
       7
      10
       4
       5
       7
       7
       5
       1
      13
       6
       8
       3
       7
      11
       5
       9
       4
       5
       6
       8
       4
       6
      10
       4
      13
      10
       8
       6
       8
       8
       9
      11
      11
       5
       2
       6
       2
       7
      10
       8
       5
       4
       4
       7
      10
      12
       5
       4
       4
       9
      11
       5
       6
       8
       9
       5
       4
      10
       6
       2
       2
       2
       4
       5
       5
       5
       2
       4
       8
       8
       3
       4
      11
       9
       3
       8
       4
       7
       9
       6
       3
       7
       5
       4
       1
       3
       4
       8
       5
       7
       3
       4
       8
       5
       7
       5
       3
       3
       6
       3
       9
       4
       2
       3
       1
       4
       5
       4
       6
       7
       7
       2
       5
       6
       6
       6
       3
       5
       3
       4
       7
       2
       4
       4
       3
       9
       5
       4
       6
       1
       3
       4
       4
       6
       1
       5
       2
      10
       6
       4
       5
       3
       3
       7
       4
       2
       2
       1
       6
       4
       1
       3
       4
       6
       7
       6
       2
       7
       3
       1
       3
       4
       3
       2
       7
       8
       7
       2
       2
       5
       4
       5
       6
       4
       2
       2
       6
       2
       2
       2
       6
       5
       6
       3
       2
       4
       4
       5
       3
       2
       4
       8
       5
       5
       4
       3
       3
       2
       2
       6
       8
       8
       5
       6
       2
       1
       0
       3
       4
       6
       2
       3
       3
       3
       3
       3
       5
       9
       5
       1
       5
       7
       4
       3
       3
       2
       1
       6
       4
       5
       5
       3
       5
       2
       0
       3
       5
       2
       2
       3
      11
       2
       3
       4
       2
       2
       9
       1
       2
       5
       6
       3
       1
       4
       2
       4
       1
       2
       5
       1
       5
       2
       3
       2
       4
       5
       7
       3
       3
       4
       1
       3
       7
       6
       5
       2
       4
       2
       1
       1
       6
       9
       3
       2
       1
       4
       1
       8
       5
       2
       3
       3
       2
       3
       3
       1
       4
       3
       6
       3
       2
       2
       0
       4
       4
       2
       1
       3
       5
       1
       4
       3
       2
       2
       3
       5
       2
       3
       3
       2
       4
       3
       2
       2
       4
       5
       4
       4
       3
       2
       0
       3
       0
       7
       0
       0
       4
       4
       3
       3
       2
       2
       2
       0
       3
       3
       3
       3
       0
       0
       5
       2
       4
       3
       1
       3
       2
       1
       0
       3
       0
       2
       3
       4
       0
       3
       2
       2
       0
       2
       6
       0
       4
       2
       2
       5
       2
       3
       3
       3
       1
       2
       2
       0
       1
       0
       8
       4
       2
       2
       2
       2
       0
       4
       2
       2
       3
       1
       2
       0
       2
       2
       3
       4
       1
       3
       4
       3
       1
       3
       1
       2
       4
       6
       0
       2
       4
       1
       2
       3
       2
       1
       3
       1
       6
       2
       1
       4
       2
       2
       4
       2
       1
       0
       2
       0
       1
       1
       4
       2
       3
       0
       5
       2
       1
       1
       2
       2
       2
       3
       4
       0
       2
       1
       1
       0
       2
       5
       2
       0
       3
       2
       5
       3
       3
       1
       5
       1
       5
       0
       0
       3
       3
       1
       2
       3
       0
       0
       0
       2
       2
       2
       1
       0
       1
       1
       0
       2
       2
       2
       3
       2
       2
       3
       3
       0
       2
       2
       1
       1
       0
       4
       5
       3
       2
       1
       2
       1
       1
       2
       4
       1
       2
       4
       0
       2
       3
       2
       0
       3
       0
       3
       0
       1
       0
       0
       1
       0
       0
       3
       4
       0
       0
       2
       0
       2
       0
       4
       3
       1
       3
       1
       2
       1
       4
       3
       4
       2
       1
       2
       1
       1
       2
       0
       1
       1
       3
       1
       1
       3
       2
       3
       3
       2
       0
       2
       0
       1
       0
       1
       2
       0
       0
       2
       1
       3
       3
       0
       0
       3
       3
       4
       1
       2
       1
       3
       1
       2
       1
       2
       1
       1
       4
       1
       0
       1
       1
       4
       2
       1
       1
       2
       5
       3
       2
       0
       1
       3
       4
       2
       1
       1
       2
       1
       2
       4
       0
       2
       2
       0
       0
       4
       2
       4
       0
       1
       1
       0
       2
       0
       2
       2
       1
       1
       2
       4
       1
       1
       1
       3
       1
       1
       2
       3
       0
       0
       1
       1
       1
       1
       2
       2
       4
       1
       0
       1
       1
       1
       1
       1
       2
       3
       1
       2
       1
       1
       1
       3
       2
       0
       1
       1
       1
       0
       2
       1
       2
       3
       1
       1
       1
       1
       1
       0
       0
       2
       1
       2
       4
       2
       0
       4
       4
       0
       1
       3
       1
       3
       1
       2
       0
       1
       2
       1
       1
       0
       1
       3
       3
       0
       2
       2
       1
       1
       0
       2
       1
       1
       0
       2
       1
       1
       2
       0
       0
       4
       2
       1
       2
       3
       1
       4
       6
       2
       2
       0
       2
       3
       1
       2
       2
       2
       0
       1
       2
       2
       0
       2
       0
       2
       2
       1
       1
       1
       1
       0
       2
       2
       1
       3
       2
       2
       0
       0
       2
       0
       2
       4
       2
       0
       1
       1
       1
       0
       2
       0
       0
       0
       4
       0
       2
       3
       3
       0
       5
       0
       1
       1
       2
       1
       0
       3
       3
       1
       2
       2
       1
       2
       1
       0
       1
       2
       0
       1
       0
       1
       1
       1
       2
       2
       1
       1
       0
       2
       2
       0
       2
       0
       0
       2
       2
       0
       1
       1
       1
       0
       1
       1
       2
       0
       1
       2
       0
       4
       3
       2
       0
       0
       0
       2
       1
       0
       3
       0
       0
       1
       2
       0
       1
       1
       1
       4
       1
       0
       0
       1
       0
       0
       3
       0
       0
       1
       0
       1
       1
       0
       0
       2
       2
       3
       2
       1
       3
       2
       1
       0
       0
       3
       2
       2
       4
       1
       1
       0
       1
       0
       2
       3
       2
       3
       0
       1
       0
       0
       1
       2
       0
       2
       1
       1
       0
       2
       0
       0
       1
       1
       1
       2
       0
       1
       2
       2
       1
       1
       3
       1
       2
       0
       1
       1
       2
       4
       1
       1
       3
       2
       0
       3
       0
       1
       1
       0
       0
       1
       1
       1
       0
       2
       2
       0
       1
       1
       0
       3
       1
       1
       0
       1
       0
       1
       0
       1
       1
       1
       0
       1
       0
       2
       1
       0
       2
       2
       0
       0
       0
       1
       1
       2
       1
       2
       0
       2
       1
       2
       1
       2
       1
       1
       1
       1
       2
       1
       0
       2
       2
       0
       0
       1
       1
       1
       1
       3
       2
       0
       1
       2
       0
       1
       2
       0
       2
       0
       1
       0
       0
       0
       2
       0
       0
       3
       1
       0
       0
       4
       1
       0
       0
       0
       0
       0
       0
       1
       1
       4
       0
       1
       3
       0
       1
       1
       2
       0
       2
       0
       1
       1
       0
       0
       1
       0
       2
       4
       1
       1
       1
       1
       1
       2
       3
       1
       1
       1
       1
       0
       1
       1
       2
       0
       3
       0
       1
       1
       1
       2
       1
       2
       1
       1
       2
       2
       1
       1
       0
       2
       0
       0
       0
       1
       0
       0
       1
       1
       3
       1
       3
       1
       1
       0
       1
       2
       1
       0
       1
       1
       3
       3
       1
       2
       1
       1
       1
       1
       1
       2
       0
       1
       0
       1
       1
       2
       0
       1
       1
       1
       4
       2
       1
       2
       0
       1
       1
       1
       0
       1
       1
       2
       0
       2
       1
       1
       1
       0
       1
       0
       0
       1
       2
       0
       2
       2
       1
       0
       2
       2
       1
       2
       0
       0
       0
       1
       1
       2
       1
       0
       3
       1
       0
       1
       0
       0
       1
       1
       0
       1
       0
       1
       0
       1
       2
       0
       0
       0
       3
       1
       0
       1
       0
       0
       1
       1
       0
       0
       0
       2
       1
       2
       0
       1
       0
       0
       2
       0
       0
       0
       1
       1
       1
       1
       0
       0
       1
       1
       1
       2
       1
       0
       1
       0
       1
       3
       3
       0
       0
       2
       0
       0
       0
       1
       0
       2
       0
       2
       0
       0
       0
       1
       1
       1
       2
       1
       1
       1
       0
       0
       1
       0
       1
       0
       0
       4
       0
       0
       2
       0
       0
       1
       0
       1
       1
       1
       0
       0
       1
       3
       1
       1
       1
       0
       0
       0
       0
       1
       0
       1
       0
       0
       0
       0
       1
       0
       1
       1
       2
       1
       0
       0
       0
       0
       0
       1
       0
       0
       0
       0
       1
       0
       0
       1
       1
       0
       0
       0
       0
       0
       0
       2
       2
       0
       0
       3
       0
       1
       1
       0
       1
       1
       0
       0
       1
       0
       1
       2
       0
       1
       0
       2
       1
       1
       1
       0
       2
       1
       0
       0
       1
       2
       1
       1
       1
       2
       1
       1
       0
       1
       0
       1
       0
       0
       2
       0
       0
       1
       0
       0
       0
       0
       2
       1
       1
       1
       0
       1
       1
       2
       0
       1
       1
       0
       0
       1
       0
       1
       1
       1
       0
       1
       1
       1
       2
       0
       1
       3
       0
       0
       0
       0
       0
       0
       2
       0
       0
       1
       2
       1
       0
       1
       1
       0
       2
       0
       0
       0
       0
       0
       0
       0
       0
       0
       0
       1
       0
       0
       0
       0
       1
       1
       0
       2
       0
       0
       0
       0
       1
       2
       1
       2
       0
       1
       1
       2
       1
       3
       0
       1
       0
       2
       1
       0
       1
       0
       1
       2
       1
       2
       0
       2
       1
       0
       3
       0
       1
       1
       0
       0
       0
       1
       1
       1
       2
       1
       1
       0
       1
       0
       0
       1
       0
       0
       0
       1
       0
       1
       1
       1
       0
       0
       2
       0
       0
       2
       1
       0
       1
       1
       1
       1
       2
       0
       1
       1
       0
       0
       0
       1
       0
       1
       1
       2
       0
       0
       0
       0
       0
       0
       0
       1
       0
       0
       3
       0
       2
       0
       2
       1
       2
       0
       0
       0
       3
       2
       0
       0
       0
       1
       0
       0
       1
       0
       1
       0
       1
       0
       0
       0
       0
       0
       1
       0
       0
       0
       1
       1
       0
       1
       1
       0
       2
       1
       0
       2
       0
       0
       1
       0
       1
       2
       0
       0
       0
       0
       0
       0
       1
       2
       0
       0
       1
       0
       1
       1
       0
       0
       0
       1
       1
       0
       1
       2
       0
       0
       1
       0
       1
       0
       0
       0
       2
       0
       0
       0
       2
       1
       0
       2
       1
       0
       0
       2
       1
       0
       2
       0
       0
       1
       0
       1
       0
       0
       0
       1
       1
       1
       0
       0
       2
       1
       1
       0
       1
       0
       0
       0
       0
       3
       1
       0
       0
       1
       0
       0
       1
       0
       0
       0
       0
       1
       1
       0
       0
       0
       0
       0
       1
       0
       0
       0
       0
       2
       0
       2
       0
       0
       0
       1
       0
       1
       0
       1
       0
       1
       1
       2
       1
       2
       2
       0
       1
       0
       1
       0
       2
       1
       0
       2
       0
       2
       1
       2
       1
       1
       0
       0
       0
       0
       0
       1
       0
       1
       0
       1
       0
       1
       0
       0
       2
       1
       0
       0
       0
       0
       0
       1
       0
       0
       0
       0
       0
       1
       2
       2
       0
       1
       0
       0
       1
       1
       1
       2
       1
       0
       1
       0
       1
       1
       0
       0
       1
       1
       0
       1
       1
       1
       0
       0
       1
       0
       0
       0
       0
       1
       2
       0
       0
       1
       1
       0
       1
       0
       1
       1
       0
       0
       1
       0
       0
       0
       1
       1
       0
       1
       0
       0
       0
       1
       0
       1
       1
       0
       2
       1
       0
       1
       0
       1
       1
       1
       0
       0
       0
       1
       2
       0
       0
       0
       0
       2
       1
       2
       0
       0
       0
       0
       0
       2
       0
       0
       0
       0
       0
       2
       0
       0
       0
       2
       0
       0
       1
       0
       0
       2
       0
       0
       0
       0
       1
       0
       1
       1
       1
       2
       1
       1
       0
       0
       1
       1
       0
       0
       0
       0
       0
       0
       0
       0
       0
       0
       0
       1
       0
       0
       0
       0
       3
       1
       1
       0
       1
       0
       0
       1
       0
       0
       0
       0
       0
       1
       0
       0
       1
       0
       1
       2
       0
       0
       1
       1
       0
       2
       1
       1
       0
       1
       0
       1
       1
       0
       2
       0
       0
       0
       0
       1
       2
       0
       0
       0
       1
       0
       2
       0
       0
       1
       1
       0
       1
       0
       1
       0
       0
       0
       0
       0
       1
       0
       1
       0
       1
       0
       0
       1
       0
       0
       0
       0
       1
       1
       0
       0
       0
       0
       0
       0
       0
       1
       0
       1
       0
       1
       0
       0
       0
       0
       0
       1
       0
       0
       1
       1
       1
       1
       0
       1
       0
       1
       0
       0
       1
       1
       0
       0
       1
       1
       0
       1
       0
       0
       0
       0
       0
       0
       1
       1
       2
       0
       0
       0
       1
       1
       0
       1
       0
       1
       0
       0
       0
       1
       0
       2
       0
       0
       0
       0
       0
       0
       1
       2
       0
       0
       0
       1
       0
       0
       0
       1
       0
       1
       0
       0
       0
       0
       0
       0
       0
       0
       1
       1
       0
       0
       0
       1
       2
       1
       1
       0
       2
       2
       0
       1
       2
       1
       0
       0
       0
       0
       1
       0
       0
       0
       0
       0
       1
       1
       0
       0
       0
       0
       1
       1
       0
       0
       0
       0
       0
       1
       0
       0
       1
       0
       0
       0
       0
       1
       0
       0
       0
       0
       1
       0
       0
       0
       0
       0
       0
       1
       0
       0
       0
       0
       0
       1
       1
       0
       0
       0
       0
       0
       0
       2
       0
       0
       1
       1
       1
       0
       0
       0
       0
       1
       0
       0
       0
       1
       0
       0
       1
       0
       0
       0
       0
       0
       1
       0
       0
       0
       0
       0
       0
       1
       1
       1
       0
       1
       1
       0
       0
       0
       1
       2
       0
       0
       0
       0
       0
       0
       1
       0
       1
       1
       2
       0
       0
       1
       0
       0
       0
       0
       1
       0
       0
       0
       0
       0
       0
       0
       0
       0
       1
       0
       1
       0
       0
       0
       0
       0
       0
       1
       0
       0
       1
       0
       0
       0
       0
       0
       0
       0
       1
       1
       0
       1
       1
       1
       0
       0
       0
       0
       0
       0
       0
       0
       0
       0
       0
       0
       0
       0
       0
       0
       0
       0
       0
       0
       0
       0
       1
       0
       1
       0
       0
       0
       0
       0
       0
       1
       1
       0
       0
       0
       0
       0
       0
       1
       0
       1
       0
       0
       0
       0
       0
       0
       0
       1
       0
       0
       1
       0
       1
       0
       0
       0
       0
       1
       1
       0
       0
       0
       0
       0
       0
       0
       3
       0
       0
       0
       0
       0
       1
       0
       0
       0
       0
       1
       0
       0
       0
       0
       0
       0
       0
       0
       0
       0
       0
       1
       0
       0
       0
       0
       0
       0
       0
       0
       0
       0
       0
       0
       0
       0
       0
       0
       0
       0
       0
       0
       1
       0
       0
       1
       0
       0
       1
       2
       1
       0
       0
       0
       1
       0
       0
       0
       2
       1
       0
       0
       1
       0
       0
       2
       0
       0
       1
       0
       0
       0
       0
       1
       0
       0
       1
       0
       0
       0
       0
       0
       1
       0
       1
       0
       0
       0
       0
       1
       0
       0
       1
       0
       0
       0
       0
       0
       0
       0
       0
       0
       0
       0
       0
       0
       0
       0
       0
       1
       0
       0
       1
       0
       0
       1
       2
       0
       0
       0
       0
       0
       0
       0
       0
       0
       1
       0
       0
       0
       0
       0
       0
       0
       0
       1
       1
       1
       0
       0
       0
       1
       0
       0
       0
       0
       0
       0
       0
       0
       0
       0
       0
       0
       0
       1
       0
       0
       1
       1
       0
       0
       0
       0
       0
       2
       0
       1
       0
       0
       0
       0
       0
       0
       1
       1
       1
       0
       0
       0
       0
       0
       0
       2
       1
       1
       0
       1
       0
       0
       0
       0
       2
       0
       1
       0
       0
       0
       0
       0
       0
       0
       1
       1
       0
       1
       0
       0
       0
       0
       0
       0
       0
       0
       0
       0
       0
       0
       0
       0
       0
       0
       0
       0
       0
       1
       0
       0
       0
       0
       0
       0
       0
       2
       1
       0
       0
       0
       1
       0
       0
       1
       0
       0
       1
       1
       0
       0
       0
       0
       0
       0
       2
       0
       1
       0
       0
       0
       1
       0
       0
       0
       1
       0
       0
       0
       0
       0
       0
       0
       0
       0
       0
       0
       0
       0
       0
       0
       0
       1
       1
       0
       0
       0
       0
       0
       0
       0
       1
       0
       1
       1
       0
       0
       0
       0
       0
       0
       2
       0
       0
       0
       0
       0
       1
       0
       0
       0
       0
       0
       1
       0
       0
       0
       0
       0
       2
       0
       0
       0
       0
       0
       0
       1
       0
       0
       0
       0
       0
       0
       0
       0
       0
       2
       0
       0
       0
       0
       0
       0
       1
       0
       0
       0
       1
       0
       1
       0
       0
       0
       2
       0
       0
       0
       0
       0
       0
       0
       0
       0
       0
       0
       0
       0
       0
       0
       0
       0
       1
       0
       0
       1
       0
       0
       0
       1
       0
       1
       0
       0
       0
       1
       0
       0
       0
       0
       0
       0
       0
       0
       0
       0
       0
       1
       0
       0
       0
       0
       0
       0
       0
       0
       0
       1
       0
       0
       0
       0
       0
       0
       0
       0
       0
       0
       0
       0
       0
       0
       0
       0
       1
       0
       0
       0
       0
       0
       0
       0
       0
       0
       1
       0
       0
       0
       1
       0
       0
       0
       0
       0
       0
       0
       2
       0
       1
       0
       0
       0
       0
       1
       0
       0
       0
       0
       0
       0
       0
       0
       0
       0
       0
       0
       1
       0
       0
       0
       0
       0
       0
       0
       0
       1
       1
       0
       0
       0
       1
       0
       0
       0
       1
       0
       0
       0
       1
       0
       0
       0
       0
       0
       0
       0
       0
       0
       0
       1
       0
       0
       0
       0
       0
       0
       0
       0
       0
       0
       0
       1
       0
       0
       0
       0
       0
       0
       1
       1
       0
       1
       0
       1
       0
       0
       0
       0
       0
       0
       0
       0
       0
       0
       2
       0
       0
       0
       0
       0
       1
       0
       1
       0
       0
       0
       0
       0
       0
       0
       0
       0
       0
       0
       0
       0
       1
       0
       0
       0
       1
       0
       1
       1
       0
       0
       1
       0
       0
       0
       0
       0
       0
       0
       0
       0
       0
       0
       0
       0
       0
       0
       1
       0
       0
       2
       0
       0
       0
       0
       0
       0
       0
       0
       0
       0
       1
       1
       1
       0
       0
       0
       0
       0
       0
       0
       0
       0
       0
       0
       0
       1
       0
       0
       0
       0
       0
       0
       0
       1
       0
       0
       0
       1
       0
       0
       0
       1
       0
       1
       0
       0
       0
       0
       0
       0
       0
       0
       0
       0
       0
       0
       0
       0
       0
       0
       0
       0
       0
       0
       0
       0
       0
       0
       0
       0
       0
       0
       0
       0
       1
       0
       1
       0
       0
       0
       1
       0
       0
       0
       0
       0
       1
       0
       1
       0
       0
       0
       0
       0
       0
       0
       0
       0
       1
       0
       0
       0
       0
       1
       0
       0
       0
       0
       0
       0
       0
       0
       1
       1
       0
       0
       0
       0
       0
       0
       0
       0
       0
       0
       1
       0
       1
       0
       0
       0
       0
       0
       0
       0
       0
       0
       0
       0
       0
       0
       0
       0
       0
       0
       0
       0
       0
       0
       0
       0
       0
       0
       1
       0
       0
       1
       0
       0
       0
       0
       0
       0
       0
       0
       0
       0
       0
       0
       0
       0
       0
       0
       0
       0
       0
       0
       0
       0
       0
       0
       0
       0
       0
       0
       0
       0
       1
       0
       0
       0
       1
       0
       1
       0
       0
       0
       0
       0
       0
       0
       0
       1
       0
       0
       0
       0
       0
       0
       0
       0
       1
       1
       0
       0
       0
       1
       1
       0
       0
       1
       0
       1
       0
       0
       0
       0
       0
       0
       0
       0
       0
       0
       0
       0
       0
       0
       0
       1
       0
       1
       1
       0
       0
       0
       0
       0
       0
       0
       0
       0
       1
       0
       1
       0
       0
       0
       0
       0
       0
       0
       0
       0
       0
       0
       0
       1
       0
       1
       0
       0
       0
       0
       0
       0
       0
       0
       0
       0
       0
       0
       0
       0
       0
       0
       0
       0
       0
       0
       0
       0
       0
       0
       0
       1
       0
       0
       0
       0
       0
       0
       0
       0
       1
       0
       0
       0
       0
       0
       0
       1
       0
       0
       0
       0
       0
       1
       0
       0
       0
       2
       0
       0
       0
       0
       0
       0
       0
       0
       0
       0
       0
       1
       1
       0
       0
       0
       0
       0
       0
       0
       0
       0
       2
       0
       0
       0
       0
       1
       0
       0
       0
       0
       0
       0
       0
       0
       0
       0
       2
       0
       0
       0
       1
       0
       0
       2
       0
       1
       0
       1
       0
       0
       0
       0
       0
       0
       0
       0
       0
       0
       0
       0
       0
       0
       0
       0
       0
       0
       0
       0
       0
       0
       0
       0
       0
       0
       0
       0
       0
       0
       0
       1
       1
       0
       0
       0
       0
       0
       0
       0
       0
       0
       0
       0
       0
       0
       0
       0
       0
       0
       0
       0
       0
       0
       0
       0
       0
       0
       0
       0
       1
       0
       0
       0
       0
       0
       0
       0
       0
       0
       0
       0
       0
       0
       1
       0
       0
       0
       0
       0
       0
       0
       0
       0
       0
       0
       0
       0
       0
       0
       0
       0
       0
       0
       0
       0
       0
       0
       1
       0
       0
       0
       0
       0
       0
       0
       0
       0
       0
       0
       0
       0
       0
       0
       0
       1
       1
       1
       0
       0
       0
       1
       0
       1
       0
       0
       0
       0
       0
       0
       0
       0
       0
       1
       0
       0
       0
       1
       0
       0
       0
       0
       0
       0
       0
       0
       0
       0
       0
       0
       1
       1
       0
       0
       0
       0
       0
       0
       0
       0
       0
       1
       0
       0
       0
       0
       1
       0
       0
       0
       0
       1
       0
       0
       0
       0
       0
       1
       0
       0
       0
       0
       0
       0
       1
       0
       0
       1
       0
       0
       1
       0
       0
       0
       0
       1
       0
       0
       0
       0
       0
       0
       0
       0
       0
       0
       0
       0
       0
       0
       0
       0
       0
       0
       0
       0
       0
       0
       0
       0
       0
       0
       0
       0
       0
       0
       0
       0
       0
       0
       0
       0
       0
       0
       0
       0
       0
       0
       0
       0
       0
       0
       0
       0
       0
       0
       0
       0
       0
       0
       0
       0
       0
       0
       0
       0
       0
       0
       0
       0
$ROI:
3
5 213
215 1972
4034 4072
$PRESETS:
None
0
0
$ENER_FIT:
0.000000 0.000000
$MCA_CAL:
3
0.000000E+000 0.000000E+000 0.000000E+000 
$SHAPE_CAL:
3
0.000000E+000 0.000000E+000 0.000000E+000
