$SPEC_ID:
Silicon
$SPEC_REM:
DET# 3
DETDESC# 78-GP-NB0025 Model 928 SN 15355078
AP# Maestro Version 7.01
$DATE_MEA:
03/16/2024 09:21:37
$MEAS_TIM:
420 459
$DATA:
0 4095
       0
       0
       0
       0
       0
       0
       0
       0
       0
       0
       0
   76941
 2378706
  869805
  605597
  514521
  440608
  377442
  319201
  269684
  228432
  194989
  168126
  145112
  125642
  110350
   96423
   84544
   75392
   66177
   58395
   51909
   45821
   41016
   36229
   32208
   28145
   24709
   21900
   19165
   16678
   14883
   12787
   11377
    9902
    8922
    7651
    6657
    5748
    5161
    4443
    3813
    3328
    2931
    2579
    2286
    2043
    1716
    1477
    1404
    1247
    1095
     990
     903
     826
     772
     698
     619
     573
     536
     512
     454
     463
     362
     370
     341
     376
     310
     277
     260
     289
     269
     264
     243
     257
     216
     223
     210
     172
     208
     189
     171
     180
     177
     171
     185
     152
     158
     140
     173
     150
     122
     144
     146
     133
     122
     138
     154
     128
     161
     125
     119
     111
     114
     121
     115
     111
      98
     103
     102
      95
      87
     101
      89
      94
      80
      94
      80
      83
      96
      84
      83
      90
      77
      74
      90
      73
      61
      58
      68
      81
      68
      71
      59
      54
      69
      70
      58
      56
      60
      49
      53
      55
      71
      52
      45
      52
      64
      49
      41
      57
      70
      42
      44
      54
      42
      48
      40
      38
      37
      38
      48
      53
      40
      39
      41
      40
      41
      50
      44
      43
      46
      35
      39
      34
      51
      38
      37
      47
      27
      42
      26
      27
      28
      28
      30
      45
      35
      35
      40
      41
      28
      23
      28
      31
      27
      34
      21
      25
      37
      25
      25
      35
      27
      29
      27
      21
      22
      30
      23
      35
      31
      28
      32
      19
      29
      28
      16
      21
      26
      16
      22
      33
      21
      30
      22
      21
      24
      23
      25
      27
      21
      15
      29
      30
      11
      30
      25
      17
      24
      24
      12
      17
      16
      18
      11
      23
      19
      14
      14
      19
      23
      15
      22
      19
      19
      17
      15
      14
      15
      14
      16
      22
      17
      16
      14
      26
      14
      19
      16
      17
      20
      17
      13
      17
       9
      15
      10
      10
      17
      12
      11
      15
      23
      10
      18
       9
      13
      18
      17
      12
      18
      15
       7
       6
      16
       8
       7
      13
      13
      10
       7
      14
      11
      16
       4
      11
      11
       7
      16
      12
      12
       9
      12
      14
      15
       8
       9
       8
      11
      10
      14
      17
      13
      19
       8
       8
       8
       8
      14
      13
      14
      10
      15
      11
       9
       6
      14
      13
       8
       8
      12
      11
      14
      11
       4
       8
       6
       9
       8
      13
      13
      19
      11
      12
       9
       8
       9
       9
      13
       5
       2
       7
       5
       9
       5
       9
       8
       7
       5
       8
      15
       5
       9
      10
      10
       7
       7
      10
       8
       8
       5
      11
      10
      12
       4
       4
       7
       8
       6
       7
       4
       7
       8
       8
       7
       8
       8
       4
      10
      10
       8
       7
       4
       9
       4
       5
      10
       6
       6
       4
       4
       5
       6
       3
       4
       4
       8
       5
       8
       6
       8
       5
      10
       3
       4
       9
       5
       5
       6
       3
       3
       2
       5
       3
       7
       6
       6
       2
       2
       4
      12
       7
       6
       5
       6
       1
      10
       4
       5
       4
       2
       8
       5
       9
       4
       5
       4
       3
       2
       3
       4
       7
       1
       1
       5
       3
       8
       2
       3
       8
       3
       5
       3
       9
       1
       5
       6
       5
       5
       6
       6
       5
       3
       3
       8
       4
       2
       3
       7
       8
       2
       3
       2
       4
       6
       5
       5
       7
       4
       8
       8
       4
       2
       3
      11
      10
       1
       5
       4
       4
       5
       6
       6
       2
       6
       2
       5
       2
       3
       4
       2
       4
       7
       5
       4
       4
       2
       3
       4
       3
       1
       9
       9
       1
       2
       2
       6
       6
       8
       2
       2
       5
       2
       5
       7
       2
       2
       4
       5
       1
       2
       4
       3
       3
       1
       5
       4
       5
       3
       2
       3
       3
       3
       5
       1
       3
       4
       1
       3
       2
       5
       3
       6
       1
       1
       0
       3
       6
       4
       2
       2
       3
       2
       5
       2
       2
       2
       8
       2
       1
       1
       4
       3
       6
       1
       2
       5
       2
       3
       3
       5
       3
       2
       0
       7
       3
       1
       3
       0
       4
       8
       3
       3
       2
       2
       1
       4
       2
       2
       1
       6
       1
       4
       5
       1
       3
       3
       3
       3
       3
       1
       3
       3
       2
       3
       4
       2
       2
       0
       2
       2
       2
       3
       2
       2
       5
       3
       0
       2
       2
       3
       4
       3
       1
       1
       4
       2
       4
       1
       3
       6
       4
       4
       2
       4
       2
       4
       1
       3
       3
       6
       2
       1
       2
       3
       2
       3
       3
       2
       2
       3
       2
       2
       4
       3
       1
       3
       2
       1
       3
       0
       3
       3
       2
       0
       3
       3
       1
       3
       4
       1
       2
       2
       0
       2
       1
       2
       6
       1
       2
       2
       4
       1
       2
       3
       2
       0
       6
       3
       1
       1
       2
       3
       1
       4
       0
       2
       3
       4
       1
       1
       2
       3
       1
       3
       1
       1
       3
       3
       3
       2
       2
       2
       2
       1
       1
       1
       1
       3
       1
       1
       1
       0
       1
       2
       2
       1
       2
       1
       0
       3
       1
       1
       2
       1
       0
       1
       3
       0
       4
       3
       3
       1
       2
       0
       1
       1
       2
       1
       2
       2
       1
       0
       1
       3
       1
       0
       2
       3
       1
       3
       3
       3
       2
       0
       3
       1
       0
       2
       1
       5
       4
       1
       3
       2
       2
       4
       1
       3
       0
       0
       1
       3
       3
       1
       1
       0
       1
       0
       1
       0
       1
       1
       1
       1
       2
       2
       0
       0
       4
       0
       2
       1
       1
       1
       1
       0
       2
       1
       1
       1
       1
       2
       1
       1
       0
       3
       3
       2
       1
       4
       5
       4
       1
       0
       0
       0
       3
       2
       3
       0
       0
       1
       7
       1
       0
       1
       2
       1
       1
       0
       2
       0
       1
       0
       2
       1
       0
       2
       1
       0
       0
       1
       3
       1
       2
       1
       0
       1
       1
       3
       2
       0
       1
       1
       0
       2
       0
       3
       1
       2
       2
       0
       3
       0
       1
       0
       2
       3
       2
       0
       0
       2
       0
       0
       1
       0
       1
       0
       4
       0
       2
       0
       2
       1
       1
       2
       0
       1
       0
       1
       2
       1
       1
       1
       0
       0
       1
       0
       4
       2
       2
       1
       0
       0
       1
       1
       2
       1
       1
       2
       1
       2
       2
       0
       0
       1
       2
       2
       2
       0
       3
       1
       0
       2
       0
       5
       3
       0
       1
       1
       1
       1
       1
       2
       0
       1
       1
       3
       3
       1
       1
       2
       1
       0
       1
       2
       1
       1
       2
       1
       0
       0
       1
       1
       0
       0
       0
       2
       0
       0
       1
       1
       2
       0
       2
       2
       0
       2
       1
       0
       0
       2
       0
       2
       1
       2
       0
       1
       0
       3
       0
       1
       2
       1
       1
       1
       0
       1
       0
       1
       0
       1
       0
       1
       2
       0
       0
       0
       2
       4
       1
       1
       1
       1
       1
       3
       1
       0
       1
       0
       1
       2
       2
       0
       2
       0
       1
       1
       0
       1
       2
       0
       0
       0
       0
       1
       6
       1
       3
       0
       0
       2
       0
       2
       1
       1
       1
       2
       0
       1
       1
       1
       0
       1
       1
       0
       2
       1
       0
       0
       2
       2
       3
       0
       0
       0
       1
       1
       0
       1
       0
       0
       0
       0
       2
       1
       1
       0
       1
       1
       0
       3
       1
       1
       0
       2
       0
       1
       0
       1
       0
       1
       1
       1
       0
       1
       1
       1
       0
       1
       0
       0
       1
       0
       0
       1
       1
       1
       0
       1
       0
       2
       1
       1
       1
       0
       1
       1
       2
       1
       0
       0
       0
       0
       0
       0
       0
       1
       0
       0
       0
       2
       0
       2
       1
       1
       0
       3
       1
       1
       0
       3
       0
       0
       1
       0
       0
       0
       0
       1
       0
       0
       0
       0
       0
       1
       0
       1
       0
       1
       0
       1
       2
       0
       2
       0
       0
       1
       0
       0
       0
       0
       0
       0
       3
       2
       0
       1
       1
       2
       0
       0
       0
       1
       2
       1
       1
       1
       2
       0
       1
       0
       1
       0
       2
       1
       0
       0
       2
       1
       0
       0
       0
       1
       0
       0
       0
       2
       0
       0
       0
       1
       0
       2
       1
       0
       1
       1
       0
       1
       1
       2
       0
       0
       1
       2
       0
       0
       0
       1
       0
       0
       1
       2
       0
       1
       2
       0
       1
       1
       0
       1
       0
       1
       2
       0
       0
       1
       1
       1
       0
       0
       1
       0
       1
       0
       0
       1
       0
       0
       0
       0
       1
       0
       1
       0
       0
       0
       0
       1
       0
       0
       1
       1
       0
       0
       0
       0
       0
       0
       0
       0
       1
       0
       0
       0
       1
       0
       1
       0
       0
       1
       1
       0
       0
       0
       0
       0
       1
       1
       0
       0
       1
       0
       1
       0
       0
       0
       0
       0
       1
       0
       0
       0
       0
       0
       1
       1
       0
       0
       1
       0
       1
       0
       0
       1
       0
       0
       0
       0
       0
       0
       1
       0
       1
       0
       1
       0
       3
       0
       0
       0
       0
       0
       0
       0
       0
       2
       1
       0
       0
       1
       0
       1
       0
       0
       0
       4
       1
       0
       0
       0
       1
       2
       2
       1
       1
       0
       0
       1
       1
       1
       0
       1
       2
       0
       0
       0
       1
       1
       0
       2
       1
       2
       1
       1
       1
       1
       1
       1
       0
       0
       0
       0
       0
       0
       1
       0
       0
       0
       1
       1
       0
       1
       2
       0
       1
       0
       0
       0
       0
       0
       1
       0
       0
       0
       1
       0
       0
       0
       0
       0
       1
       0
       1
       2
       0
       0
       2
       1
       1
       0
       0
       0
       0
       0
       1
       0
       0
       0
       1
       1
       1
       0
       1
       1
       0
       1
       0
       1
       0
       0
       0
       0
       0
       1
       2
       0
       2
       0
       1
       0
       0
       0
       1
       0
       0
       1
       1
       0
       0
       0
       1
       0
       0
       3
       0
       2
       0
       1
       0
       0
       1
       0
       0
       0
       0
       1
       0
       1
       0
       1
       0
       1
       0
       0
       1
       1
       0
       0
       0
       0
       0
       1
       1
       0
       0
       0
       0
       1
       0
       0
       0
       1
       1
       0
       0
       0
       0
       1
       2
       2
       0
       0
       0
       0
       0
       0
       0
       0
       1
       2
       0
       0
       0
       0
       0
       0
       1
       0
       1
       0
       2
       0
       0
       0
       1
       1
       0
       0
       1
       2
       0
       0
       2
       0
       1
       0
       0
       0
       1
       1
       0
       1
       0
       3
       0
       0
       0
       0
       0
       0
       0
       0
       0
       0
       0
       0
       0
       0
       1
       0
       0
       1
       0
       0
       1
       1
       0
       1
       0
       2
       0
       0
       0
       1
       0
       1
       0
       0
       0
       0
       1
       0
       0
       1
       0
       0
       0
       0
       1
       0
       0
       0
       0
       0
       0
       1
       1
       1
       0
       0
       0
       0
       0
       0
       1
       0
       1
       0
       2
       0
       3
       0
       0
       0
       0
       0
       0
       0
       0
       0
       0
       1
       0
       0
       0
       0
       1
       0
       0
       0
       0
       0
       0
       1
       2
       1
       1
       2
       0
       0
       0
       1
       1
       0
       2
       0
       0
       1
       0
       0
       0
       2
       1
       0
       1
       1
       0
       2
       1
       1
       0
       0
       0
       0
       0
       0
       1
       0
       0
       0
       3
       0
       0
       1
       0
       0
       0
       0
       0
       0
       0
       0
       0
       0
       0
       1
       0
       0
       0
       1
       0
       0
       0
       0
       1
       1
       0
       0
       0
       1
       0
       0
       0
       0
       1
       0
       0
       1
       0
       0
       1
       0
       0
       0
       0
       0
       1
       0
       0
       0
       0
       0
       0
       1
       1
       1
       2
       0
       0
       0
       1
       0
       1
       1
       0
       0
       0
       0
       0
       0
       1
       0
       1
       1
       1
       0
       0
       0
       0
       0
       2
       0
       0
       0
       0
       1
       0
       0
       1
       0
       0
       0
       2
       0
       0
       0
       0
       0
       0
       1
       1
       0
       0
       1
       0
       0
       0
       1
       0
       1
       1
       0
       2
       0
       0
       2
       0
       0
       0
       1
       0
       2
       0
       0
       0
       1
       0
       0
       1
       0
       0
       0
       0
       0
       1
       0
       0
       0
       1
       0
       1
       0
       0
       1
       0
       0
       0
       0
       0
       1
       0
       0
       0
       0
       0
       0
       0
       0
       1
       0
       0
       0
       0
       0
       1
       0
       2
       0
       1
       0
       0
       1
       1
       0
       0
       0
       0
       1
       0
       0
       0
       0
       0
       0
       0
       0
       0
       1
       1
       1
       0
       1
       1
       0
       0
       2
       0
       1
       0
       1
       1
       0
       0
       0
       0
       1
       0
       0
       0
       0
       1
       1
       0
       0
       1
       0
       0
       0
       0
       0
       1
       0
       0
       1
       0
       2
       0
       0
       0
       0
       1
       0
       0
       0
       0
       0
       1
       0
       1
       1
       0
       0
       0
       0
       0
       0
       0
       2
       0
       0
       0
       0
       1
       0
       2
       0
       0
       0
       1
       0
       0
       0
       1
       1
       0
       0
       0
       3
       1
       0
       0
       0
       0
       0
       0
       0
       0
       0
       0
       1
       0
       0
       1
       0
       0
       0
       1
       0
       0
       0
       0
       0
       0
       0
       0
       0
       1
       0
       0
       1
       1
       2
       0
       0
       0
       0
       1
       0
       0
       0
       0
       0
       1
       0
       1
       0
       0
       1
       0
       1
       0
       0
       1
       0
       0
       0
       0
       0
       1
       1
       0
       0
       0
       0
       0
       0
       0
       0
       0
       0
       0
       0
       0
       1
       0
       0
       1
       0
       0
       0
       0
       0
       0
       0
       0
       1
       1
       1
       1
       0
       0
       1
       0
       0
       0
       0
       1
       0
       1
       0
       0
       0
       0
       0
       0
       0
       0
       0
       0
       0
       0
       0
       0
       0
       1
       0
       0
       0
       0
       0
       1
       0
       0
       1
       0
       0
       0
       1
       0
       0
       1
       1
       1
       0
       0
       1
       0
       0
       0
       0
       1
       0
       0
       0
       0
       0
       1
       1
       1
       0
       0
       0
       0
       1
       0
       0
       0
       1
       0
       0
       1
       0
       0
       0
       0
       0
       0
       0
       1
       0
       0
       1
       1
       0
       0
       0
       0
       0
       1
       0
       0
       0
       1
       1
       0
       0
       0
       0
       0
       1
       1
       0
       0
       1
       0
       0
       0
       0
       0
       0
       0
       0
       0
       1
       0
       0
       1
       0
       0
       0
       0
       0
       0
       0
       0
       0
       1
       0
       0
       0
       0
       0
       2
       0
       0
       0
       2
       0
       0
       1
       0
       0
       0
       0
       0
       0
       0
       1
       1
       0
       0
       1
       0
       0
       0
       1
       0
       0
       0
       0
       1
       0
       0
       1
       0
       0
       0
       0
       0
       0
       0
       0
       0
       0
       0
       0
       0
       1
       0
       0
       0
       0
       0
       0
       0
       1
       0
       0
       0
       0
       0
       0
       0
       1
       0
       0
       0
       0
       0
       0
       1
       0
       0
       0
       0
       0
       0
       0
       0
       0
       0
       0
       0
       0
       0
       1
       0
       0
       0
       1
       0
       0
       0
       0
       1
       0
       0
       0
       0
       0
       0
       0
       0
       1
       0
       0
       0
       0
       0
       0
       0
       0
       0
       0
       0
       0
       0
       1
       0
       0
       0
       0
       0
       0
       0
       0
       0
       0
       0
       0
       0
       0
       1
       0
       0
       0
       1
       0
       0
       0
       0
       0
       0
       0
       0
       0
       1
       1
       0
       0
       0
       0
       0
       0
       0
       0
       0
       0
       0
       0
       1
       1
       0
       0
       0
       0
       0
       0
       0
       0
       0
       0
       0
       1
       0
       0
       0
       2
       1
       0
       0
       0
       0
       0
       0
       0
       1
       0
       0
       0
       0
       1
       0
       0
       0
       1
       0
       2
       0
       0
       0
       0
       1
       0
       0
       0
       0
       0
       0
       0
       0
       0
       0
       0
       0
       0
       0
       0
       0
       1
       1
       0
       1
       0
       0
       0
       0
       0
       0
       1
       0
       0
       0
       0
       0
       1
       0
       0
       0
       0
       1
       0
       0
       0
       0
       0
       0
       0
       0
       0
       0
       0
       0
       0
       0
       1
       0
       0
       0
       0
       1
       1
       0
       0
       0
       0
       1
       0
       0
       1
       0
       0
       0
       1
       0
       0
       0
       0
       0
       0
       0
       0
       0
       0
       0
       0
       1
       0
       0
       0
       0
       0
       0
       1
       0
       0
       0
       0
       0
       0
       0
       0
       0
       0
       0
       0
       0
       0
       1
       0
       0
       0
       0
       0
       0
       0
       0
       0
       0
       0
       0
       0
       0
       0
       0
       0
       0
       0
       0
       1
       0
       0
       0
       1
       0
       1
       0
       1
       0
       0
       0
       0
       0
       0
       0
       0
       0
       0
       2
       1
       1
       0
       0
       0
       0
       1
       0
       0
       0
       0
       0
       0
       0
       1
       0
       0
       0
       0
       0
       0
       0
       0
       0
       0
       0
       0
       0
       0
       0
       0
       0
       0
       0
       0
       0
       0
       0
       1
       0
       0
       0
       0
       0
       0
       0
       0
       0
       0
       0
       0
       0
       0
       0
       0
       0
       0
       0
       1
       0
       0
       1
       0
       0
       0
       0
       0
       0
       0
       1
       1
       0
       0
       0
       0
       0
       0
       0
       1
       0
       0
       0
       0
       0
       0
       0
       0
       0
       0
       0
       1
       0
       1
       0
       0
       0
       1
       0
       0
       0
       1
       1
       0
       0
       0
       0
       0
       0
       0
       0
       0
       0
       0
       1
       0
       0
       0
       0
       1
       0
       0
       0
       0
       0
       1
       0
       1
       1
       0
       0
       0
       0
       0
       1
       1
       0
       0
       0
       0
       0
       0
       0
       0
       0
       0
       0
       1
       0
       0
       0
       0
       1
       1
       0
       0
       0
       0
       0
       0
       0
       0
       0
       0
       0
       0
       0
       0
       0
       0
       0
       0
       0
       1
       0
       0
       0
       0
       0
       0
       0
       0
       0
       0
       0
       0
       0
       0
       0
       0
       0
       0
       0
       0
       0
       0
       0
       0
       1
       0
       0
       0
       0
       0
       1
       0
       0
       0
       0
       0
       0
       0
       0
       1
       0
       0
       1
       0
       0
       1
       0
       0
       0
       0
       0
       0
       0
       0
       0
       0
       0
       1
       0
       0
       1
       0
       0
       0
       0
       0
       0
       0
       0
       0
       0
       0
       0
       0
       0
       0
       0
       0
       0
       0
       0
       0
       0
       0
       0
       0
       1
       0
       0
       0
       0
       0
       0
       1
       0
       0
       0
       0
       0
       0
       0
       0
       0
       0
       0
       0
       0
       1
       2
       0
       0
       0
       1
       0
       0
       0
       0
       0
       0
       0
       0
       0
       0
       0
       0
       0
       0
       0
       0
       1
       0
       0
       0
       0
       0
       0
       0
       0
       0
       0
       0
       1
       0
       0
       0
       0
       0
       0
       0
       1
       0
       0
       0
       0
       0
       0
       0
       0
       0
       0
       0
       0
       0
       0
       0
       0
       0
       0
       0
       0
       0
       0
       0
       0
       1
       0
       0
       0
       0
       0
       0
       0
       0
       0
       0
       0
       0
       0
       0
       0
       0
       0
       0
       0
       0
       1
       0
       1
       0
       0
       0
       0
       0
       0
       0
       0
       0
       0
       0
       0
       0
       1
       0
       0
       0
       0
       0
       0
       0
       0
       0
       0
       0
       0
       0
       0
       0
       0
       2
       0
       0
       0
       1
       0
       0
       0
       0
       0
       0
       0
       0
       0
       0
       0
       0
       0
       0
       0
       0
       0
       0
       0
       0
       1
       0
       0
       0
       0
       0
       0
       0
       0
       0
       0
       0
       0
       0
       0
       1
       0
       0
       0
       0
       0
       0
       0
       0
       1
       0
       0
       0
       0
       0
       0
       0
       0
       0
       0
       0
       0
       0
       0
       0
       0
       0
       0
       0
       0
       0
       0
       1
       0
       0
       0
       0
       0
       0
       0
       0
       0
       0
       0
       0
       0
       0
       0
       0
       0
       0
       0
       0
       1
       0
       0
       0
       0
       0
       0
       0
       0
       0
       0
       0
       0
       0
       0
       0
       0
       0
       1
       0
       0
       1
       0
       0
       0
       0
       0
       0
       0
       0
       0
       0
       0
       1
       1
       1
       0
       0
       0
       0
       0
       0
       0
       2
       0
       0
       0
       0
       0
       0
       0
       0
       0
       0
       0
       0
       0
       0
       0
       0
       0
       1
       0
       0
       1
       0
       0
       0
       0
       0
       0
       0
       1
       0
       0
       0
       1
       0
       0
       0
       0
       0
       1
       0
       0
       0
       1
       0
       0
       0
       0
       0
       0
       0
       0
       0
       0
       0
       0
       0
       0
       0
       0
       0
       0
       1
       0
       0
       0
       0
       0
       0
       0
       0
       1
       0
       0
       0
       0
       0
       0
       1
       0
       0
       0
       1
       0
       0
       0
       0
       0
       0
       0
       0
       0
       0
       0
       1
       2
       0
       0
       0
       0
       1
       0
       0
       0
       0
       0
       0
       0
       0
       0
       0
       0
       0
       0
       0
       0
       0
       0
       0
       0
       0
       0
       0
       0
       0
       0
       0
       0
       0
       1
       0
       0
       0
       0
       0
       0
       0
       0
       0
       0
       0
       0
       0
       0
       0
       1
       0
       0
       0
       0
       0
       0
       0
       0
       0
       0
       0
       0
       0
       0
       0
       0
       0
       0
       0
       0
       0
       0
       0
       1
       0
       0
       0
       0
       0
       0
       0
       0
       0
       0
       0
       0
       0
       0
       0
       0
       0
       0
       1
       0
       0
       0
       0
       0
       0
       0
       0
       0
       0
       0
       0
       0
       0
       0
       0
       0
       1
       0
       0
       0
       0
       0
       0
       0
       0
       0
       0
       0
       0
       0
       0
       0
       0
       0
       0
       0
       0
       0
       0
       0
       1
       0
       0
       0
       0
       0
       0
       0
       0
       0
       0
       1
       0
       1
       0
       1
       0
       0
       0
       0
       0
       0
       0
       0
       0
       0
       0
       0
       0
       0
       0
       0
       0
       0
       0
       0
       0
       0
       0
       0
       0
       0
       0
       0
       0
       0
       0
       0
       0
       0
       0
       0
       0
       0
       0
       0
       0
       0
       0
       0
       0
       0
       0
       0
       0
       0
       0
       0
       0
       0
       0
       0
       0
       0
       0
       0
       0
       0
       0
       0
       1
       0
       0
       0
       1
       0
       0
       0
       0
       2
       0
       0
       0
       0
       0
       0
       0
       0
       0
       0
       0
       0
       0
       0
       0
       0
       1
       0
       0
       0
       0
       0
       0
       0
       0
       0
       0
       0
       0
       0
       0
       1
       0
       0
       0
       0
       0
       1
       0
       1
       0
       0
       0
       0
       0
       0
       0
       0
       0
       0
       1
       0
       0
       0
       0
       1
       0
       0
       0
       1
       0
       0
       0
       0
       0
       0
       0
       0
       0
       0
       0
       0
       0
       0
       0
       0
       0
       0
       0
       0
       0
       0
       0
       0
       0
       0
       0
       0
       0
       0
       0
       0
       0
       0
       0
       0
       0
       0
       0
       0
       1
       0
       0
       0
       0
       0
       0
       0
       0
       0
       0
       0
       0
       0
       0
       0
       0
       0
       0
       0
       0
       0
       0
       0
       0
       0
       0
       0
       0
       0
       0
       0
       0
       0
       0
       0
       0
       2
       0
       0
       0
       0
       0
       0
       0
       0
       0
       0
       0
       0
       0
       0
       0
       0
       0
       0
       0
       0
       0
       0
       0
       0
       0
       0
       0
       0
       0
       0
       0
       0
       0
       0
       0
       0
       0
       0
       0
       2
       1
       0
       0
       0
       0
       0
       0
       0
       0
       0
       0
       0
       0
       0
       0
       0
       0
       0
       0
       0
       1
       0
       1
       0
       0
       1
       0
       0
       0
       0
       0
       0
       0
       0
       0
       1
       0
       0
       0
       1
       0
       0
       0
       0
       0
       0
       0
       0
       0
       0
       0
       0
       0
       0
       0
       0
       0
       0
       0
       0
       0
       0
       0
       0
       0
       0
       0
       0
       0
       0
       0
       1
       0
       0
       0
       0
       0
       0
       0
       0
       0
       0
       0
       0
       0
       0
       0
       0
       0
       0
       0
       0
       0
       0
       0
       0
       0
       0
       0
       0
       0
       0
       0
       0
       0
       0
       0
       0
       0
       0
       0
       0
       0
       0
       0
       0
       0
       0
       0
       0
       0
       0
       0
       0
       0
       0
       0
       0
       0
       0
       0
       0
       0
       0
       0
       0
       0
       0
       0
       0
       0
       0
       0
       0
       0
       0
       0
       0
       0
       0
       0
       0
       0
       1
       0
       0
       0
       0
       0
       0
       0
       0
       0
       0
       0
       0
       0
       0
       0
       0
       0
       0
       0
       0
       0
       0
       0
       0
       0
       1
       0
       0
       0
       0
       0
       0
       0
       0
       0
       0
       0
       0
       0
       0
       0
       0
       0
       0
       0
       0
       0
       0
       0
       0
       0
       0
       0
       0
       0
       0
       0
       0
       0
       0
       0
       0
       0
       0
       0
       0
       0
       0
       0
       0
       0
       0
       0
       0
       0
       0
       0
       0
       0
       0
       0
       0
       0
       0
       0
       0
       0
       0
       0
       0
       0
       0
       0
       0
       0
       0
       0
       0
       0
       0
       0
       0
       0
       0
       0
       0
       0
       0
       0
       0
       0
       0
       0
       0
       0
       0
       0
       0
       0
       0
       0
       0
       0
       0
       0
       0
       0
       0
       0
       0
       0
       0
       0
       0
       0
       0
       1
       0
       0
       0
       0
       0
       0
       0
       0
       0
       0
       0
       0
       0
       0
       0
       0
       0
       0
       0
       0
       1
       0
       0
       0
       0
       0
       0
       0
       0
       0
       0
       0
       0
       0
       0
       0
       0
       0
       0
       0
       0
       0
       0
       0
       0
       0
       0
       0
       0
       0
       0
       0
       0
       0
       0
       0
       0
       0
       0
       0
       0
       0
       0
       0
       0
       0
       0
       0
       1
       0
       0
       0
       0
       0
       0
       0
       0
       0
       0
       0
       0
       0
       0
       0
       0
       0
       0
       0
       0
       0
       0
       0
       0
       0
       0
       0
       0
       0
       0
       0
       0
       0
       0
       0
       0
       0
       0
       0
       0
       0
       0
       0
       0
       0
       0
       0
       0
       0
       0
       1
       0
       0
       0
       0
       0
       0
       0
       0
       0
       0
       0
       0
       0
       0
       0
       0
       0
       0
       0
       0
       0
       0
       0
       0
       0
       0
       0
       0
       0
       0
       0
       0
       0
       0
       0
       0
       0
       0
       0
       0
       0
       0
       0
       0
       0
       0
       0
       0
       0
       0
       0
       0
       0
       0
       0
       0
       0
       0
       0
       0
       0
       0
       0
       0
       0
       0
       0
       0
       0
       0
       0
       0
       0
       0
       0
       0
       0
$ROI:
3
5 213
215 1972
4034 4072
$PRESETS:
None
0
0
$ENER_FIT:
0.000000 0.000000
$MCA_CAL:
3
0.000000E+000 0.000000E+000 0.000000E+000 
$SHAPE_CAL:
3
0.000000E+000 0.000000E+000 0.000000E+000
