$SPEC_ID:
Silicon
$SPEC_REM:
DET# 3
DETDESC# 78-GP-NB0025 Model 928 SN 15355078
AP# Maestro Version 7.01
$DATE_MEA:
03/16/2024 11:27:00
$MEAS_TIM:
1088 1212
$DATA:
0 4095
       0
       0
       0
       0
       0
       0
       0
       0
       0
       0
       0
  142872
 7863673
 3410808
 1835991
 1467521
 1234134
 1057413
  905866
  771103
  658457
  563662
  483378
  414168
  359107
  312804
  273126
  240117
  212004
  186826
  164356
  146096
  128828
  114795
  101675
   89655
   79921
   70575
   61834
   53905
   47996
   42320
   37168
   32792
   28473
   24757
   21895
   18827
   16538
   14395
   12813
   10934
    9657
    8397
    7239
    6288
    5693
    5091
    4346
    3934
    3454
    3134
    2708
    2509
    2212
    2103
    1837
    1633
    1502
    1343
    1289
    1176
    1095
    1015
     940
     952
     867
     883
     748
     715
     739
     712
     684
     623
     619
     590
     527
     579
     546
     472
     510
     497
     465
     460
     446
     423
     396
     431
     409
     434
     351
     362
     377
     364
     353
     322
     311
     325
     308
     285
     302
     303
     309
     288
     280
     258
     261
     254
     288
     280
     262
     216
     239
     241
     218
     209
     218
     231
     209
     219
     224
     205
     201
     201
     174
     202
     181
     171
     188
     165
     185
     161
     168
     177
     180
     166
     168
     145
     147
     166
     158
     139
     153
     147
     158
     129
     133
     134
     139
     119
     116
     132
     133
     131
     113
     122
     102
     149
      99
     121
     120
     114
     121
     105
     121
     110
      99
     112
      95
     116
     102
     102
     109
      85
     120
     105
      98
      90
      90
      86
      80
      78
     100
      95
      82
      68
      85
      79
      63
      84
      77
      99
      80
      94
      75
      75
      88
      66
      93
      66
      71
      58
      81
      76
      78
      57
      68
      60
      60
      67
      68
      74
      59
      67
      63
      65
      63
      58
      55
      74
      72
      51
      70
      57
      45
      69
      56
      54
      57
      49
      59
      65
      53
      42
      42
      49
      63
      49
      46
      57
      39
      43
      53
      47
      41
      42
      52
      56
      44
      41
      35
      45
      47
      43
      43
      49
      53
      40
      51
      47
      40
      39
      40
      48
      43
      46
      34
      38
      37
      50
      40
      35
      40
      41
      31
      35
      26
      39
      33
      33
      38
      32
      31
      33
      41
      40
      38
      33
      27
      38
      36
      39
      32
      32
      33
      31
      27
      44
      39
      26
      28
      32
      31
      32
      40
      23
      32
      29
      24
      26
      31
      27
      34
      31
      21
      29
      32
      24
      37
      17
      30
      32
      28
      32
      22
      20
      26
      18
      25
      20
      20
      28
      25
      19
      25
      31
      25
      33
      17
      25
      29
      26
      13
      24
      30
      22
      24
      18
      14
      23
      28
      29
      18
      21
      19
      23
      19
      24
      27
      19
      20
      27
      24
      24
      18
      23
      24
      23
      23
      27
      21
      22
      14
      16
      19
      24
      18
      26
      26
      23
      21
      16
      11
      14
      25
      31
      23
      25
      18
      18
      22
      15
      20
      22
      23
      16
       5
      15
      19
      18
      17
      13
      13
      14
      20
      20
      20
      12
      17
      15
      23
      26
      24
       9
      16
      17
      18
      21
      12
      13
      14
      14
      14
      16
      12
      13
      16
      15
      17
      13
      15
      10
      11
      12
      14
      16
      13
      17
      17
       9
      11
      22
      15
      13
      19
      18
      16
      13
      18
      20
      21
      21
      20
      12
      17
      14
      14
      16
      15
      13
       9
      14
      14
      10
      16
       9
      13
      13
      10
       7
      21
      14
      17
      10
      12
      11
      19
      17
      17
      15
      14
       9
       9
      15
      14
      10
      10
      13
      14
      19
      11
      14
       6
       2
       7
       8
       9
      11
      13
      13
      12
      12
      11
      12
      12
      17
       8
       7
       8
      10
      13
      14
      11
      10
      13
      11
      14
       7
      11
      14
       9
      11
      11
      14
       7
      12
       4
      20
       9
      11
      15
      11
      14
       9
      14
       9
       6
      11
       9
      13
      10
       7
       4
      17
       8
      11
      10
      14
      13
      11
      12
      12
      11
      11
      11
      14
       7
       8
       4
       9
      12
      14
      12
       8
       8
      11
      15
       7
      10
       8
      12
       2
       5
       7
       7
       7
       9
       6
       3
       9
       4
      11
       6
       6
       8
       9
      10
       9
      13
       8
       4
       8
       6
       6
      12
       5
       7
      11
       7
      11
       6
       4
       8
      11
       4
       8
       7
       4
      10
      11
       9
       7
       7
       3
      12
      11
      10
       6
       6
       8
       5
       4
       9
       5
      10
       9
       7
      12
       7
      10
      10
       6
       4
      11
       5
       7
       4
       5
       5
       5
       3
       8
       8
       4
       5
       5
       7
      11
       9
       9
      11
       8
       6
       6
       7
       9
       7
       5
       9
       2
       5
       7
       8
       2
       5
       9
       7
       2
       6
       5
       9
       6
       4
       7
       2
       3
       4
       3
       6
       1
       6
       4
       4
       9
       6
       5
      11
       3
       5
       0
       9
       4
       8
       6
       4
       3
       7
       7
       4
      10
       6
       4
       6
       5
       6
       7
       3
       6
       6
       3
       5
       5
       5
       2
       6
       6
       8
       3
       8
       5
       6
      10
       9
       5
       4
       7
       8
       4
       3
      10
      11
       6
       4
       8
       5
       8
       5
       4
      12
       8
       7
       3
       5
       5
       7
       7
       6
       5
      11
       2
       7
       4
       4
       6
       6
       4
       7
       7
       5
       1
       7
       2
      13
       4
       2
       4
       4
       5
       5
       2
       3
       7
       5
       8
       5
       3
       3
       8
       3
       3
       2
       7
       3
       2
       2
       6
       1
       5
       5
       2
       4
       6
       3
       3
       6
       3
       3
       4
       6
       3
       4
       4
       2
       4
       4
       1
       4
       4
       5
       0
       6
       3
       4
       1
       3
       4
       4
       2
       1
       5
       2
       6
       6
       3
       3
       1
       1
       4
       2
       3
       4
       4
       1
       3
       2
       5
       7
       4
       2
       2
       7
       2
       2
       3
       4
       5
       6
       7
       4
       3
       4
       2
       2
       3
       8
       3
       6
       8
       5
       5
       2
       4
       1
       4
       1
       3
       3
       3
       0
       6
       4
       0
       5
       5
       7
       1
       6
       1
       4
       7
       6
       5
       2
       2
       4
       4
       6
       3
       4
       4
       7
       3
       3
       5
       2
       3
       5
       4
       6
       2
       0
       3
       1
       2
       4
       2
       2
       4
       3
       6
       3
       1
       0
       4
       1
       3
       4
       3
       0
       4
       2
       3
       1
       3
       3
       4
       3
       2
       6
       0
       2
       3
       4
       3
       4
       0
       8
       4
       4
       5
       4
       2
       4
       2
       1
       2
       4
       0
       4
       0
       3
       3
       0
       4
       5
       4
       5
       3
       6
       3
       2
       7
       1
       1
       1
       0
       2
       3
       2
       2
       5
       3
       1
       5
       4
       2
       5
       2
       7
       3
       4
       3
       4
       5
       3
       2
       2
       4
       2
       1
       2
       3
       0
       2
       4
       2
       3
       2
       3
       3
       4
       4
       4
       6
       2
       3
       1
       1
       2
       2
       2
       1
       3
       4
       1
       2
       3
       1
       5
       2
       6
       3
       2
       3
       1
       1
       6
       3
       1
       0
       0
       2
       1
       2
       1
       7
       0
       2
       8
       2
       3
       2
       1
       5
       2
       0
       3
       4
       3
       3
       1
       1
       2
       2
       2
       2
       0
       1
       1
       4
       1
       3
       2
       1
       2
       3
       1
       4
       1
       1
       0
       1
       1
       0
       3
       0
       0
       3
       1
       1
       3
       1
       2
       0
       2
       2
       1
       4
       3
       0
       5
       0
       0
       1
       2
       0
       2
       2
       2
       4
       3
       1
       0
       1
       4
       1
       1
       2
       3
       3
       1
       4
       2
       1
       4
       1
       0
       0
       0
       2
       1
       1
       1
       1
       1
       3
       1
       2
       1
       2
       2
       2
       1
       4
       1
       0
       2
       1
       3
       1
       2
       0
       1
       3
       2
       3
       2
       2
       2
       1
       1
       2
       1
       1
       1
       3
       3
       2
       4
       0
       1
       1
       0
       1
       3
       2
       2
       2
       1
       2
       0
       0
       5
       0
       1
       0
       2
       1
       3
       1
       1
       0
       2
       3
       2
       0
       2
       2
       1
       4
       0
       4
       0
       3
       2
       3
       0
       2
       0
       1
       0
       0
       1
       2
       2
       4
       0
       1
       0
       2
       4
       2
       4
       2
       4
       1
       4
       1
       1
       3
       2
       2
       1
       1
       2
       1
       1
       4
       3
       0
       4
       3
       1
       1
       1
       3
       4
       0
       2
       2
       1
       0
       0
       0
       0
       0
       3
       3
       5
       4
       0
       0
       3
       1
       3
       1
       0
       1
       2
       2
       3
       4
       2
       4
       1
       2
       1
       0
       0
       1
       3
       4
       3
       2
       2
       1
       3
       1
       2
       2
       0
       2
       1
       1
       0
       1
       2
       1
       2
       2
       1
       3
       2
       2
       0
       0
       1
       0
       0
       4
       0
       0
       5
       2
       1
       0
       1
       2
       1
       0
       1
       1
       0
       2
       0
       3
       2
       2
       1
       1
       4
       4
       3
       0
       3
       0
       1
       1
       2
       2
       3
       0
       1
       1
       0
       1
       1
       1
       0
       0
       2
       2
       2
       1
       0
       1
       2
       0
       0
       0
       0
       1
       3
       2
       0
       1
       2
       1
       1
       1
       2
       1
       0
       2
       1
       0
       1
       2
       4
       2
       1
       3
       1
       0
       1
       1
       1
       3
       1
       2
       0
       1
       2
       3
       0
       0
       0
       3
       3
       2
       0
       4
       2
       3
       3
       3
       1
       0
       1
       1
       3
       1
       0
       2
       1
       2
       0
       0
       2
       1
       2
       3
       0
       0
       0
       2
       3
       4
       3
       1
       0
       1
       2
       3
       0
       4
       0
       1
       2
       1
       1
       2
       1
       0
       1
       2
       2
       1
       0
       2
       0
       1
       4
       1
       1
       1
       3
       1
       0
       3
       0
       0
       0
       0
       3
       0
       0
       1
       3
       1
       0
       0
       0
       3
       0
       2
       1
       3
       1
       4
       0
       1
       2
       1
       0
       0
       1
       2
       1
       0
       1
       1
       1
       3
       2
       0
       0
       0
       5
       0
       1
       0
       0
       2
       1
       1
       1
       2
       1
       0
       0
       1
       0
       1
       0
       3
       1
       2
       2
       2
       1
       0
       2
       1
       2
       1
       0
       2
       1
       2
       0
       0
       1
       1
       4
       1
       0
       0
       1
       0
       0
       1
       1
       3
       1
       2
       2
       1
       1
       2
       1
       0
       2
       2
       1
       3
       1
       1
       1
       2
       1
       2
       0
       2
       2
       0
       1
       0
       2
       1
       2
       0
       0
       2
       0
       2
       1
       4
       0
       0
       1
       2
       5
       1
       0
       1
       2
       1
       1
       1
       1
       0
       0
       2
       0
       0
       1
       2
       0
       1
       1
       1
       2
       0
       1
       0
       3
       1
       1
       1
       2
       1
       0
       1
       0
       0
       2
       1
       1
       2
       3
       1
       0
       0
       1
       1
       1
       2
       1
       2
       1
       2
       2
       1
       2
       0
       3
       1
       1
       0
       0
       0
       0
       1
       1
       3
       3
       2
       0
       0
       3
       1
       0
       0
       1
       0
       0
       0
       1
       0
       3
       1
       0
       1
       0
       1
       0
       0
       0
       1
       0
       1
       0
       0
       3
       0
       2
       1
       4
       1
       3
       2
       1
       1
       0
       0
       0
       1
       0
       1
       0
       0
       1
       0
       0
       0
       2
       2
       0
       0
       0
       0
       2
       0
       2
       0
       0
       2
       1
       1
       0
       1
       1
       2
       1
       1
       0
       0
       1
       1
       0
       1
       2
       3
       1
       2
       1
       1
       0
       2
       1
       1
       0
       0
       1
       1
       1
       1
       2
       2
       1
       0
       1
       2
       1
       2
       2
       2
       1
       2
       0
       3
       1
       0
       1
       0
       1
       1
       1
       1
       2
       1
       1
       1
       0
       1
       2
       0
       1
       1
       2
       2
       1
       0
       1
       1
       0
       1
       1
       1
       1
       2
       0
       0
       0
       1
       0
       1
       0
       0
       0
       1
       1
       1
       1
       1
       1
       0
       0
       0
       1
       0
       2
       0
       0
       2
       0
       1
       0
       0
       0
       0
       0
       3
       3
       2
       0
       1
       0
       0
       3
       3
       0
       0
       2
       2
       3
       1
       2
       0
       0
       0
       2
       4
       2
       2
       0
       1
       4
       3
       1
       1
       0
       2
       3
       1
       1
       1
       1
       1
       2
       2
       0
       0
       0
       0
       2
       1
       0
       0
       1
       1
       1
       2
       0
       0
       1
       1
       2
       0
       0
       1
       2
       1
       0
       0
       0
       1
       3
       1
       0
       1
       0
       2
       0
       0
       1
       0
       0
       1
       1
       0
       2
       0
       1
       0
       2
       1
       2
       1
       1
       1
       1
       1
       2
       1
       0
       0
       1
       1
       1
       0
       0
       0
       0
       0
       0
       0
       0
       0
       1
       2
       1
       1
       3
       0
       0
       0
       1
       1
       0
       1
       1
       2
       0
       2
       2
       2
       0
       1
       1
       1
       1
       1
       1
       1
       0
       1
       1
       0
       0
       1
       1
       2
       0
       1
       0
       0
       0
       0
       1
       1
       0
       1
       1
       1
       0
       1
       1
       0
       1
       0
       0
       1
       1
       0
       0
       0
       0
       0
       1
       0
       0
       0
       2
       0
       1
       2
       0
       0
       2
       0
       1
       0
       1
       0
       0
       0
       0
       1
       0
       0
       0
       1
       0
       0
       2
       3
       1
       2
       1
       0
       1
       1
       1
       0
       0
       2
       3
       1
       0
       0
       1
       1
       0
       0
       0
       1
       0
       1
       1
       0
       0
       2
       2
       0
       0
       0
       0
       0
       1
       0
       1
       1
       1
       0
       1
       0
       0
       1
       0
       0
       1
       1
       2
       1
       0
       0
       3
       1
       0
       1
       1
       0
       0
       3
       1
       1
       0
       1
       0
       0
       2
       0
       0
       2
       0
       0
       0
       1
       0
       1
       1
       1
       1
       2
       2
       1
       0
       2
       1
       1
       0
       1
       0
       0
       1
       1
       3
       1
       2
       4
       1
       0
       0
       0
       1
       1
       0
       1
       0
       0
       3
       3
       1
       1
       2
       0
       0
       1
       2
       0
       0
       2
       0
       0
       0
       0
       1
       1
       0
       1
       1
       0
       0
       3
       0
       2
       0
       0
       0
       0
       0
       0
       0
       0
       0
       1
       0
       0
       0
       0
       1
       1
       0
       0
       0
       1
       2
       0
       3
       1
       1
       0
       0
       1
       0
       1
       1
       0
       0
       1
       1
       0
       0
       0
       0
       2
       0
       1
       0
       0
       0
       1
       0
       2
       0
       1
       0
       0
       0
       0
       1
       1
       1
       0
       0
       1
       0
       1
       0
       2
       0
       0
       0
       1
       0
       1
       1
       1
       1
       1
       0
       0
       0
       1
       0
       0
       0
       0
       0
       0
       0
       0
       0
       0
       0
       1
       1
       1
       1
       1
       0
       0
       0
       2
       0
       3
       1
       1
       0
       1
       0
       1
       1
       0
       0
       1
       0
       0
       1
       0
       0
       0
       0
       1
       0
       0
       2
       0
       1
       1
       1
       0
       1
       1
       1
       0
       1
       0
       1
       0
       0
       0
       0
       0
       1
       0
       0
       0
       0
       0
       2
       0
       1
       1
       1
       0
       0
       2
       0
       0
       0
       1
       0
       1
       0
       1
       2
       1
       0
       1
       0
       0
       0
       0
       0
       0
       1
       0
       0
       1
       1
       2
       0
       1
       0
       0
       2
       1
       0
       0
       0
       0
       0
       2
       0
       0
       0
       0
       0
       0
       0
       0
       0
       1
       0
       0
       1
       0
       0
       0
       2
       0
       1
       0
       0
       1
       3
       1
       1
       0
       1
       1
       2
       0
       1
       0
       0
       2
       1
       0
       1
       0
       1
       1
       1
       1
       1
       2
       1
       0
       0
       0
       0
       0
       1
       0
       0
       0
       0
       0
       0
       0
       0
       2
       1
       0
       1
       0
       0
       0
       0
       0
       0
       0
       0
       0
       1
       1
       0
       0
       1
       1
       0
       0
       0
       0
       0
       0
       0
       1
       2
       0
       1
       1
       0
       1
       1
       0
       0
       0
       0
       1
       0
       1
       0
       0
       0
       1
       0
       0
       1
       0
       1
       0
       0
       0
       0
       3
       1
       1
       0
       1
       0
       0
       0
       0
       0
       0
       0
       1
       0
       1
       1
       2
       0
       1
       0
       0
       1
       0
       0
       0
       0
       2
       0
       0
       1
       2
       0
       0
       0
       0
       0
       1
       0
       1
       0
       1
       0
       1
       0
       0
       0
       0
       0
       0
       0
       0
       0
       1
       0
       0
       0
       0
       0
       1
       1
       0
       1
       0
       1
       0
       0
       1
       0
       0
       0
       0
       0
       0
       1
       1
       0
       0
       0
       0
       0
       1
       0
       0
       1
       1
       1
       1
       0
       1
       0
       0
       1
       2
       2
       0
       0
       0
       0
       0
       0
       1
       0
       0
       0
       0
       1
       0
       1
       0
       1
       0
       0
       2
       0
       1
       1
       0
       0
       0
       0
       1
       0
       0
       1
       2
       0
       0
       1
       2
       1
       0
       0
       0
       0
       0
       0
       0
       1
       1
       0
       0
       1
       2
       1
       1
       0
       1
       0
       0
       2
       1
       0
       0
       1
       0
       1
       0
       0
       0
       0
       0
       0
       0
       1
       0
       0
       1
       1
       0
       0
       0
       0
       0
       0
       0
       0
       1
       0
       1
       0
       0
       0
       0
       0
       0
       0
       0
       0
       0
       1
       1
       0
       0
       2
       0
       0
       0
       2
       1
       1
       0
       0
       0
       0
       0
       1
       0
       0
       1
       0
       0
       1
       0
       0
       0
       0
       0
       0
       1
       0
       0
       1
       0
       0
       1
       0
       0
       0
       0
       1
       0
       0
       0
       1
       1
       0
       0
       0
       0
       0
       0
       1
       0
       0
       0
       0
       1
       1
       0
       0
       1
       0
       0
       0
       1
       1
       0
       1
       1
       0
       0
       0
       0
       0
       0
       0
       1
       0
       1
       0
       2
       0
       1
       0
       0
       1
       0
       0
       1
       1
       1
       2
       1
       0
       0
       0
       1
       0
       0
       0
       0
       0
       0
       0
       0
       0
       0
       1
       0
       1
       0
       0
       0
       0
       0
       1
       0
       0
       1
       0
       0
       0
       0
       1
       1
       0
       0
       0
       1
       1
       0
       0
       0
       0
       1
       1
       1
       2
       0
       1
       0
       0
       1
       1
       0
       0
       0
       0
       0
       0
       1
       0
       0
       0
       0
       0
       0
       1
       0
       2
       0
       0
       1
       1
       0
       0
       0
       0
       0
       0
       0
       0
       0
       1
       0
       1
       0
       0
       0
       0
       0
       1
       1
       0
       0
       0
       1
       0
       0
       0
       0
       0
       0
       0
       1
       1
       0
       0
       0
       1
       0
       0
       0
       0
       0
       0
       1
       0
       0
       0
       0
       0
       1
       1
       0
       0
       0
       0
       1
       0
       0
       0
       0
       0
       0
       1
       0
       0
       0
       2
       0
       0
       1
       0
       2
       0
       0
       0
       0
       0
       0
       1
       0
       0
       0
       0
       0
       0
       0
       1
       0
       1
       1
       0
       0
       0
       0
       0
       0
       0
       0
       0
       0
       0
       0
       0
       0
       0
       0
       0
       0
       0
       0
       1
       0
       0
       0
       0
       0
       0
       1
       1
       1
       0
       0
       0
       0
       0
       0
       0
       0
       0
       0
       0
       0
       0
       0
       1
       0
       0
       0
       0
       0
       0
       1
       0
       0
       1
       0
       1
       0
       2
       1
       0
       0
       0
       1
       0
       1
       1
       0
       1
       0
       0
       0
       1
       0
       0
       1
       0
       0
       0
       0
       0
       0
       0
       0
       0
       0
       0
       0
       0
       0
       0
       0
       0
       0
       0
       0
       0
       0
       0
       0
       1
       0
       1
       1
       0
       0
       0
       0
       0
       0
       0
       2
       0
       2
       0
       0
       1
       0
       0
       0
       0
       0
       0
       0
       0
       1
       0
       0
       1
       0
       0
       1
       0
       0
       1
       0
       0
       0
       0
       0
       0
       0
       0
       0
       0
       0
       0
       0
       0
       0
       0
       0
       0
       1
       0
       0
       0
       0
       0
       0
       0
       0
       1
       1
       0
       0
       1
       0
       2
       0
       0
       0
       1
       0
       1
       0
       0
       1
       1
       1
       1
       0
       0
       2
       0
       0
       1
       0
       0
       1
       0
       2
       1
       0
       1
       0
       0
       0
       0
       1
       1
       0
       0
       0
       0
       0
       0
       0
       0
       0
       0
       0
       0
       0
       0
       0
       0
       0
       0
       0
       1
       0
       0
       0
       0
       1
       0
       1
       1
       0
       0
       0
       0
       0
       0
       0
       0
       0
       0
       0
       1
       0
       0
       1
       0
       1
       0
       0
       0
       1
       0
       0
       1
       0
       0
       0
       0
       0
       2
       0
       1
       0
       0
       0
       0
       1
       0
       0
       0
       0
       1
       0
       0
       0
       0
       0
       0
       0
       0
       0
       0
       0
       0
       1
       1
       0
       0
       0
       0
       0
       1
       1
       0
       0
       1
       0
       2
       0
       0
       0
       0
       0
       0
       0
       0
       0
       0
       0
       1
       1
       0
       0
       0
       0
       1
       0
       0
       0
       0
       0
       1
       0
       0
       1
       0
       0
       0
       0
       0
       0
       0
       0
       0
       0
       0
       0
       2
       0
       1
       0
       0
       0
       0
       0
       0
       0
       0
       0
       0
       0
       0
       0
       1
       0
       0
       0
       0
       1
       0
       0
       1
       0
       0
       1
       0
       0
       0
       0
       0
       0
       1
       0
       0
       0
       0
       0
       0
       0
       0
       0
       0
       0
       0
       0
       0
       1
       1
       0
       0
       0
       1
       0
       0
       0
       0
       0
       1
       0
       0
       0
       1
       0
       0
       0
       0
       0
       0
       1
       0
       0
       0
       0
       0
       0
       0
       1
       0
       0
       1
       0
       0
       0
       0
       0
       0
       0
       0
       0
       0
       0
       0
       0
       0
       0
       0
       0
       0
       0
       0
       1
       0
       0
       0
       0
       0
       1
       0
       0
       0
       0
       0
       0
       0
       0
       1
       0
       0
       0
       0
       0
       0
       0
       0
       1
       0
       0
       0
       1
       0
       0
       0
       0
       1
       0
       0
       0
       0
       0
       0
       0
       0
       0
       0
       0
       0
       0
       0
       0
       1
       0
       0
       1
       1
       1
       0
       0
       0
       0
       0
       0
       0
       1
       0
       0
       0
       0
       0
       1
       0
       0
       0
       1
       1
       0
       0
       0
       0
       1
       0
       2
       1
       0
       0
       0
       0
       0
       0
       0
       0
       0
       0
       0
       0
       0
       0
       0
       0
       0
       0
       0
       2
       0
       0
       0
       0
       1
       0
       0
       0
       1
       0
       0
       0
       1
       0
       0
       0
       0
       0
       0
       0
       1
       0
       0
       0
       0
       0
       0
       0
       0
       0
       0
       0
       0
       0
       0
       0
       1
       0
       0
       1
       0
       0
       0
       0
       0
       0
       0
       1
       0
       0
       0
       0
       0
       0
       0
       0
       1
       0
       0
       0
       0
       0
       0
       0
       0
       0
       1
       0
       0
       0
       2
       0
       0
       1
       0
       1
       0
       0
       0
       0
       0
       0
       0
       0
       1
       0
       0
       1
       0
       0
       1
       0
       0
       0
       0
       0
       0
       0
       0
       0
       0
       0
       0
       0
       0
       0
       0
       0
       0
       0
       0
       0
       0
       0
       1
       0
       0
       0
       0
       0
       0
       0
       0
       0
       1
       0
       0
       0
       0
       0
       0
       0
       0
       0
       0
       1
       0
       0
       0
       0
       0
       0
       1
       1
       0
       0
       0
       0
       0
       0
       0
       0
       0
       0
       0
       0
       0
       0
       0
       0
       0
       0
       0
       0
       0
       0
       0
       0
       0
       0
       1
       0
       0
       0
       0
       0
       0
       0
       0
       1
       0
       1
       0
       0
       0
       0
       1
       1
       0
       0
       0
       0
       0
       1
       0
       0
       0
       0
       1
       0
       0
       0
       0
       0
       0
       0
       0
       0
       0
       0
       0
       1
       0
       1
       0
       0
       0
       1
       0
       0
       0
       0
       1
       0
       0
       0
       0
       0
       0
       0
       0
       0
       0
       0
       0
       1
       0
       0
       0
       1
       0
       0
       0
       0
       1
       0
       0
       0
       0
       0
       0
       0
       0
       0
       0
       0
       0
       0
       0
       0
       0
       0
       0
       0
       0
       0
       0
       0
       1
       0
       0
       0
       0
       1
       0
       0
       0
       0
       0
       0
       0
       1
       0
       0
       0
       1
       0
       2
       0
       0
       0
       0
       0
       0
       0
       0
       0
       1
       0
       1
       1
       0
       0
       0
       0
       0
       0
       0
       0
       0
       0
       0
       0
       0
       0
       0
       0
       1
       0
       0
       0
       0
       1
       0
       0
       0
       1
       0
       0
       0
       0
       1
       0
       0
       0
       1
       0
       0
       0
       0
       1
       0
       0
       0
       0
       0
       0
       0
       0
       0
       0
       0
       0
       0
       0
       0
       0
       0
       1
       0
       0
       0
       1
       0
       0
       0
       0
       0
       0
       0
       0
       0
       0
       0
       1
       0
       0
       0
       1
       0
       0
       0
       0
       0
       0
       0
       0
       0
       1
       0
       1
       0
       0
       0
       0
       0
       0
       0
       0
       0
       0
       0
       0
       0
       0
       0
       0
       0
       0
       0
       0
       0
       1
       0
       0
       0
       0
       1
       0
       0
       0
       2
       0
       0
       0
       1
       1
       0
       0
       0
       0
       0
       0
       0
       1
       0
       0
       0
       0
       0
       1
       0
       0
       0
       0
       1
       0
       0
       0
       0
       0
       1
       0
       0
       0
       0
       0
       0
       0
       0
       0
       0
       0
       0
       0
       0
       0
       0
       1
       0
       0
       0
       0
       0
       0
       0
       0
       0
       0
       1
       0
       0
       0
       0
       1
       0
       0
       0
       0
       0
       0
       0
       0
       0
       0
       0
       1
       0
       0
       0
       0
       0
       0
       0
       0
       0
       0
       0
       1
       1
       0
       0
       0
       1
       1
       0
       0
       0
       1
       0
       0
       0
       0
       0
       0
       0
       0
       0
       0
       0
       0
       0
       0
       0
       0
       0
       0
       0
       0
       0
       0
       1
       0
       0
       0
       0
       1
       0
       0
       0
       0
       0
       0
       0
       0
       0
       0
       0
       0
       0
       0
       0
       0
       0
       0
       0
       0
       0
       0
       1
       1
       0
       0
       0
       0
       0
       0
       0
       1
       0
       0
       0
       1
       0
       1
       1
       0
       1
       0
       0
       0
       0
       0
       0
       0
       0
       0
       0
       0
       0
       1
       0
       0
       0
       0
       0
       0
       0
       0
       0
       0
       0
       0
       0
       0
       0
       0
       0
       0
       0
       0
       0
       0
       0
       0
       0
       0
       0
       0
       0
       0
       0
       0
       0
       0
       0
       0
       0
       0
       0
       0
       0
       0
       0
       0
       0
       0
       0
       0
       0
       0
       0
       0
       0
       0
       0
       0
       0
       0
       0
       0
       0
       0
       0
       0
       0
       0
       0
       0
       0
       0
       0
       0
$ROI:
3
5 213
215 1972
4034 4072
$PRESETS:
None
0
0
$ENER_FIT:
0.000000 0.000000
$MCA_CAL:
3
0.000000E+000 0.000000E+000 0.000000E+000 
$SHAPE_CAL:
3
0.000000E+000 0.000000E+000 0.000000E+000
