$SPEC_ID:
Silicon
$SPEC_REM:
DET# 3
DETDESC# 78-GP-NB0025 Model 928 SN 15355078
AP# Maestro Version 7.01
$DATE_MEA:
03/16/2024 13:25:29
$MEAS_TIM:
1078 1191
$DATA:
0 4095
       0
       0
       0
       0
       0
       0
       0
       0
       0
       0
       0
  137934
 7259559
 2914414
 1652890
 1361384
 1167108
  998815
  852654
  724889
  615278
  525784
  449104
  388301
  335670
  292800
  256187
  225086
  198462
  175095
  154589
  136918
  121379
  107306
   94990
   83750
   73998
   65402
   57936
   51358
   44868
   39435
   34258
   30180
   26448
   22982
   19896
   17509
   15088
   13386
   11664
   10156
    8893
    7742
    6669
    5960
    5163
    4618
    4077
    3633
    3179
    2753
    2603
    2316
    2047
    1829
    1689
    1565
    1418
    1296
    1206
    1213
    1119
     961
     887
     862
     829
     770
     719
     721
     660
     595
     592
     606
     574
     550
     545
     490
     467
     476
     498
     461
     453
     430
     423
     384
     402
     397
     396
     352
     370
     359
     341
     304
     323
     345
     340
     295
     309
     275
     304
     260
     264
     303
     262
     250
     266
     239
     246
     256
     226
     222
     239
     239
     208
     213
     214
     214
     201
     203
     185
     183
     183
     180
     201
     172
     165
     185
     192
     188
     161
     149
     157
     142
     164
     180
     147
     167
     141
     162
     146
     154
     133
     117
     128
     127
     144
     138
     117
     130
     105
     113
     117
     129
     113
     130
      98
     117
     119
     108
     135
     105
      95
     124
      95
      88
     115
     111
     101
     100
     110
      94
      87
      99
      96
      90
      85
      82
      84
      83
      75
      72
      90
      73
      86
      94
      70
      87
      80
      76
      62
      79
      74
      72
      71
      76
      66
      65
      77
      63
      74
      90
      86
      65
      72
      65
      47
      63
      74
      55
      75
      60
      63
      60
      65
      51
      63
      72
      57
      47
      57
      63
      63
      64
      65
      63
      49
      39
      45
      57
      59
      64
      59
      45
      47
      36
      47
      57
      41
      51
      30
      61
      46
      47
      34
      43
      49
      36
      41
      36
      36
      33
      41
      46
      50
      36
      43
      30
      40
      37
      37
      30
      39
      37
      38
      28
      41
      33
      47
      29
      43
      40
      41
      36
      34
      34
      32
      35
      38
      41
      37
      29
      34
      29
      41
      31
      28
      30
      35
      41
      33
      29
      31
      35
      31
      24
      35
      35
      30
      31
      26
      28
      38
      36
      24
      31
      22
      33
      33
      25
      28
      25
      29
      26
      37
      32
      23
      27
      28
      28
      34
      15
      25
      10
      19
      21
      23
      31
      26
      22
      20
      24
      21
      30
      29
      19
      25
      23
      23
      24
      19
      19
      29
      28
      21
      29
      29
      24
      25
      20
      14
      28
      23
      13
      13
      24
      24
      26
      15
      25
      21
      20
      29
      20
      23
      20
      25
      24
      31
      24
      18
      18
      17
      14
      21
      18
      29
      18
      14
      27
      21
      11
      19
      20
      24
      15
      21
      18
      20
      12
      15
      19
      22
      20
      15
      23
      19
      15
      28
      17
      25
      15
      18
      11
      15
      11
      14
      10
      17
      18
      15
      10
      12
      16
      26
      16
      10
      11
      19
      21
      18
      20
      10
      17
      15
      10
      20
      19
      16
      14
      15
       9
      15
      20
      11
      18
      20
      21
      16
      12
      15
      12
      19
      11
      12
      21
       8
      19
      12
      18
      16
      13
      15
      13
      14
      13
      14
      10
       4
       9
      14
      16
      20
      17
      14
      11
       7
      13
      20
      13
      11
       9
      15
       7
      15
      13
      13
      13
      11
       9
      17
      13
       8
      17
      13
      10
      18
      11
      12
      14
      17
       8
      14
      13
      13
      10
      15
       6
       9
      15
      13
       6
      13
      10
       9
      17
       9
      10
       9
       8
      10
      14
       7
      13
      11
      14
      12
       8
      18
       9
      15
       9
      11
       8
      11
      14
       6
       7
       8
      16
       8
       7
       9
      15
      13
       5
      11
       8
      10
      12
       6
       7
      13
      11
       7
       9
       9
      10
       9
       7
      11
       4
      11
       7
       8
      10
       9
       7
      13
      11
       6
       8
      15
      12
       7
       7
      11
       9
       7
      13
      11
       6
       6
      10
       9
       4
       9
       5
       9
       7
       7
       6
       5
       5
      11
      15
      14
       7
       5
       5
       6
       7
       8
       2
      10
       8
       8
       6
       9
       5
       6
       6
       8
       8
       7
       5
       5
       8
       8
       6
       7
      11
      10
       8
       5
       2
      12
       6
       7
       9
       9
       7
       4
       3
       6
       6
       8
       7
       1
       4
       7
       6
       9
      11
       8
      13
       9
      11
       6
      12
       5
       7
       5
       9
      13
       9
       5
       9
       5
       4
      10
       5
       3
       4
       2
       9
      10
       8
       6
      10
      11
      10
       4
       4
       3
       6
       7
       6
       7
       5
      10
       3
       3
       3
       4
       2
       1
       7
       3
       8
       4
       0
       6
       4
       4
       7
       2
       4
       3
       4
       7
       8
       8
       3
       6
       4
       2
       2
       8
       5
       7
       7
       8
       4
       7
       5
       3
       2
       2
       8
       7
       5
       6
       7
       3
       8
       6
       1
       5
       5
       1
       8
       4
       3
       3
       4
       6
       4
       5
       7
       6
       6
       2
       3
       1
       4
       7
       5
       4
       2
       1
       5
       6
       4
       3
       4
       3
       2
       3
       1
       7
       5
       8
       4
       7
       1
       5
       3
       2
       0
       7
       6
       3
       4
       2
       5
       5
      10
       1
       3
       6
       5
       2
       3
       6
       2
       5
       5
       5
       6
       1
       6
       6
       5
       3
       5
       3
       2
       3
       7
       7
       4
       3
       2
       5
       3
       3
       8
       3
       3
       1
       5
       4
       7
       2
       1
       4
       8
       4
       4
       3
       4
       6
       5
       0
       4
       6
       2
       3
       6
       1
       1
       4
       2
       5
       4
       7
       7
       2
       2
       3
       5
       5
      11
       2
       3
       4
       6
       1
       3
       5
       6
       3
       3
       3
       2
       3
       5
       1
       3
       6
       3
       2
       3
       7
       5
       3
       2
       3
       1
       1
       5
       3
       3
       4
       0
       4
       4
       2
       3
       5
       2
       2
       2
       2
       5
       5
       4
       5
       5
       4
       4
       2
       3
       3
       5
       1
       2
       3
       2
       3
       1
       1
       1
       1
       7
       5
       2
       4
       1
       2
       2
       4
       4
       2
       3
       3
       4
       1
       3
       3
       6
       1
       4
       4
       3
       2
       3
       5
       1
       2
       4
       4
       3
       2
       3
       2
       4
       4
       1
       4
       3
       4
       4
       3
       2
       2
       4
       3
       5
       3
       4
       4
       3
       2
       3
       7
       4
       0
       3
       5
       4
       1
       2
       2
       1
       0
       3
       1
       3
       3
       4
       4
       2
       3
       3
       3
       2
       3
       4
       3
       4
       2
       1
       0
       2
       6
       0
       0
       1
       0
       2
       1
       1
       1
       0
       1
       3
       2
       2
       4
       4
       1
       3
       4
       3
       1
       3
       3
       3
       2
       8
       2
       2
       2
       0
       5
       2
       5
       2
       7
       2
       2
       0
       3
       2
       4
       2
       0
       2
       2
       3
       3
       3
       2
       0
       2
       1
       0
       3
       1
       2
       4
       3
       0
       4
       3
       1
       3
       1
       4
       4
       3
       1
       2
       4
       3
       4
       1
       2
       2
       5
       2
       4
       2
       0
       6
       0
       5
       2
       2
       3
       2
       0
       2
       1
       4
       3
       2
       1
       0
       2
       0
       4
       0
       2
       2
       0
       3
       3
       2
       1
       0
       3
       2
       0
       2
       1
       0
       2
       2
       1
       2
       2
       2
       1
       1
       1
       2
       0
       2
       0
       2
       0
       3
       3
       2
       0
       4
       4
       4
       0
       1
       2
       1
       3
       2
       3
       2
       3
       1
       2
       1
       1
       1
       1
       1
       4
       1
       2
       3
       1
       1
       1
       1
       3
       1
       3
       2
       2
       0
       1
       3
       1
       1
       5
       1
       3
       1
       0
       0
       3
       2
       2
       0
       1
       0
       1
       2
       2
       3
       4
       3
       3
       0
       2
       2
       6
       3
       0
       1
       3
       1
       3
       2
       1
       3
       2
       0
       1
       2
       1
       1
       2
       1
       0
       2
       3
       2
       3
       0
       2
       1
       1
       2
       1
       3
       4
       1
       2
       0
       1
       0
       0
       4
       1
       1
       2
       0
       0
       0
       1
       2
       1
       0
       0
       4
       2
       1
       4
       0
       2
       2
       0
       1
       0
       1
       4
       1
       1
       0
       0
       0
       0
       4
       2
       2
       0
       0
       1
       2
       2
       5
       0
       2
       0
       3
       1
       0
       2
       2
       1
       0
       3
       2
       3
       0
       2
       2
       0
       2
       1
       2
       2
       4
       1
       1
       2
       2
       1
       2
       1
       0
       3
       2
       2
       2
       1
       2
       1
       2
       3
       1
       2
       1
       1
       4
       2
       1
       0
       3
       1
       0
       1
       2
       2
       2
       1
       3
       3
       3
       2
       0
       2
       0
       0
       3
       2
       3
       3
       1
       1
       1
       0
       0
       1
       1
       2
       1
       3
       3
       1
       2
       1
       1
       0
       1
       0
       0
       1
       1
       1
       1
       2
       1
       3
       3
       1
       0
       3
       2
       0
       3
       1
       1
       0
       2
       1
       0
       1
       0
       1
       0
       1
       2
       1
       1
       2
       1
       0
       2
       1
       1
       3
       0
       0
       0
       0
       2
       2
       3
       1
       2
       1
       1
       3
       1
       2
       0
       1
       3
       2
       1
       2
       0
       2
       2
       3
       2
       3
       0
       1
       0
       1
       0
       1
       0
       0
       2
       1
       1
       0
       3
       1
       0
       1
       1
       0
       2
       2
       1
       3
       2
       0
       1
       2
       1
       2
       0
       2
       3
       1
       2
       0
       2
       2
       1
       1
       1
       1
       0
       2
       2
       0
       0
       1
       2
       1
       2
       1
       0
       0
       1
       0
       0
       0
       3
       0
       1
       0
       2
       1
       2
       3
       2
       2
       0
       3
       0
       0
       2
       2
       0
       2
       0
       2
       6
       0
       1
       1
       1
       0
       1
       0
       0
       2
       0
       0
       0
       2
       1
       2
       0
       0
       1
       0
       1
       0
       1
       2
       2
       1
       4
       3
       1
       1
       4
       1
       0
       1
       3
       0
       2
       5
       1
       0
       1
       0
       1
       1
       0
       1
       8
       1
       1
       2
       1
       1
       2
       0
       2
       1
       0
       0
       0
       0
       2
       1
       0
       2
       0
       2
       0
       2
       1
       0
       0
       2
       0
       2
       0
       2
       0
       0
       2
       1
       0
       0
       0
       1
       2
       2
       3
       1
       1
       0
       0
       1
       1
       6
       1
       0
       4
       1
       0
       1
       1
       0
       1
       1
       0
       1
       1
       1
       2
       2
       2
       3
       1
       0
       1
       1
       1
       1
       1
       2
       1
       1
       0
       0
       1
       0
       0
       0
       2
       2
       1
       2
       2
       1
       1
       0
       1
       0
       3
       0
       0
       0
       0
       0
       1
       2
       0
       0
       1
       1
       0
       0
       0
       1
       0
       1
       1
       0
       1
       1
       0
       1
       0
       0
       1
       0
       0
       0
       1
       0
       2
       1
       2
       0
       2
       1
       1
       1
       2
       2
       1
       2
       0
       1
       1
       0
       1
       0
       2
       2
       0
       0
       1
       1
       0
       0
       0
       1
       2
       2
       0
       1
       1
       1
       1
       3
       1
       1
       2
       2
       1
       1
       1
       2
       1
       0
       3
       0
       0
       2
       2
       2
       0
       2
       1
       3
       0
       0
       0
       0
       0
       2
       1
       1
       2
       1
       0
       0
       0
       0
       0
       0
       1
       3
       1
       0
       1
       1
       0
       2
       1
       0
       0
       1
       0
       0
       2
       2
       1
       1
       1
       1
       2
       1
       3
       2
       2
       0
       1
       0
       3
       1
       1
       1
       0
       2
       2
       2
       1
       2
       0
       0
       1
       1
       0
       0
       0
       1
       3
       0
       1
       1
       2
       1
       2
       0
       3
       2
       0
       0
       0
       0
       0
       3
       2
       1
       0
       0
       1
       2
       0
       1
       1
       2
       1
       1
       1
       1
       0
       0
       0
       1
       2
       0
       2
       1
       0
       0
       0
       1
       1
       2
       0
       1
       3
       2
       0
       1
       1
       2
       1
       3
       0
       0
       1
       3
       1
       1
       1
       1
       0
       0
       1
       2
       0
       2
       0
       0
       0
       2
       1
       0
       0
       0
       0
       0
       2
       0
       1
       2
       0
       1
       1
       0
       2
       0
       1
       0
       1
       1
       1
       2
       2
       0
       0
       1
       0
       1
       2
       3
       1
       0
       1
       1
       2
       2
       0
       0
       1
       1
       0
       0
       1
       2
       1
       0
       0
       2
       1
       1
       2
       1
       2
       1
       2
       0
       2
       2
       1
       0
       0
       1
       1
       0
       2
       0
       0
       2
       1
       0
       0
       0
       2
       0
       1
       1
       1
       0
       0
       0
       1
       0
       0
       0
       2
       1
       0
       1
       1
       0
       1
       0
       0
       1
       0
       0
       2
       1
       2
       0
       1
       1
       1
       1
       1
       0
       2
       2
       0
       0
       1
       0
       0
       1
       0
       0
       0
       0
       0
       1
       1
       0
       1
       0
       1
       0
       1
       1
       1
       0
       1
       0
       0
       0
       1
       0
       0
       2
       0
       2
       1
       2
       2
       0
       1
       2
       1
       0
       0
       0
       1
       1
       1
       1
       1
       0
       0
       0
       1
       0
       1
       1
       2
       1
       0
       1
       2
       0
       1
       0
       0
       0
       4
       2
       1
       0
       0
       3
       0
       2
       0
       1
       1
       2
       1
       0
       2
       2
       1
       0
       1
       1
       0
       1
       0
       0
       2
       0
       2
       0
       1
       1
       1
       0
       0
       0
       1
       1
       0
       1
       1
       2
       0
       0
       0
       2
       1
       2
       2
       0
       0
       2
       1
       0
       1
       2
       1
       2
       0
       1
       1
       0
       0
       0
       2
       1
       0
       1
       1
       0
       2
       1
       2
       1
       1
       0
       1
       0
       0
       3
       0
       0
       1
       0
       2
       5
       2
       3
       0
       1
       1
       2
       1
       0
       0
       1
       0
       0
       0
       1
       0
       2
       0
       0
       1
       1
       0
       0
       0
       2
       2
       1
       0
       1
       0
       1
       0
       0
       0
       0
       2
       2
       0
       1
       2
       0
       0
       1
       0
       1
       0
       0
       0
       0
       2
       1
       0
       0
       1
       0
       0
       0
       0
       0
       0
       0
       1
       1
       1
       0
       2
       0
       1
       3
       1
       0
       2
       1
       0
       0
       0
       0
       0
       0
       1
       0
       0
       2
       0
       0
       0
       1
       0
       1
       1
       1
       2
       0
       0
       1
       2
       1
       0
       0
       1
       1
       2
       1
       0
       0
       0
       0
       0
       1
       0
       0
       0
       1
       2
       0
       0
       0
       2
       0
       0
       0
       0
       0
       0
       1
       2
       0
       0
       0
       0
       0
       0
       0
       0
       0
       0
       2
       0
       0
       1
       1
       2
       1
       1
       0
       0
       0
       0
       0
       2
       0
       0
       1
       1
       0
       0
       1
       0
       1
       0
       0
       0
       1
       0
       2
       0
       0
       0
       0
       0
       0
       0
       0
       0
       0
       0
       0
       1
       0
       1
       1
       1
       1
       0
       0
       1
       0
       0
       0
       0
       1
       4
       0
       2
       0
       0
       1
       0
       0
       1
       0
       0
       0
       0
       1
       0
       0
       0
       0
       0
       0
       0
       1
       0
       2
       0
       3
       1
       0
       0
       1
       1
       0
       0
       1
       1
       0
       0
       3
       0
       0
       0
       0
       0
       0
       0
       0
       1
       0
       0
       1
       0
       0
       1
       2
       0
       0
       0
       0
       0
       1
       0
       0
       0
       0
       1
       1
       0
       0
       0
       0
       0
       2
       1
       1
       0
       0
       0
       1
       1
       0
       0
       0
       0
       1
       0
       1
       0
       0
       0
       0
       0
       1
       0
       1
       0
       0
       1
       0
       0
       2
       1
       0
       0
       1
       1
       0
       0
       1
       0
       1
       0
       0
       1
       0
       1
       0
       0
       0
       1
       2
       1
       0
       0
       0
       0
       0
       1
       1
       1
       0
       0
       1
       0
       2
       1
       0
       2
       1
       0
       0
       1
       1
       1
       0
       1
       1
       0
       0
       0
       3
       0
       0
       1
       0
       0
       0
       0
       1
       3
       0
       1
       0
       0
       2
       1
       1
       0
       0
       0
       1
       0
       0
       0
       0
       0
       0
       1
       0
       0
       0
       0
       0
       1
       0
       0
       0
       0
       0
       0
       0
       0
       0
       0
       1
       0
       1
       0
       1
       0
       0
       0
       0
       2
       2
       1
       0
       0
       0
       1
       0
       1
       0
       0
       1
       1
       0
       0
       1
       0
       0
       1
       0
       0
       2
       1
       1
       0
       2
       0
       1
       0
       1
       1
       1
       0
       2
       0
       0
       0
       0
       0
       0
       0
       0
       0
       0
       1
       0
       1
       0
       0
       0
       0
       1
       1
       0
       0
       0
       0
       0
       0
       0
       2
       0
       1
       0
       1
       1
       1
       1
       0
       0
       0
       1
       0
       0
       1
       1
       0
       1
       0
       0
       0
       0
       1
       0
       0
       0
       0
       0
       0
       1
       0
       1
       0
       0
       0
       0
       0
       1
       0
       0
       0
       0
       0
       2
       2
       0
       0
       0
       1
       0
       0
       0
       1
       0
       1
       0
       0
       0
       1
       0
       0
       2
       0
       0
       1
       0
       1
       0
       0
       0
       1
       0
       0
       0
       0
       1
       0
       0
       1
       0
       0
       1
       0
       1
       0
       0
       0
       0
       0
       0
       0
       1
       0
       0
       0
       0
       0
       0
       0
       0
       0
       0
       0
       1
       0
       0
       0
       1
       0
       0
       0
       2
       0
       1
       0
       1
       0
       0
       1
       0
       0
       0
       0
       0
       0
       0
       0
       1
       0
       0
       0
       2
       0
       0
       1
       0
       1
       0
       1
       0
       0
       0
       1
       1
       0
       0
       0
       0
       0
       1
       0
       1
       0
       0
       0
       0
       0
       0
       0
       0
       0
       0
       0
       2
       0
       0
       0
       0
       0
       1
       0
       2
       0
       0
       1
       0
       0
       1
       0
       0
       0
       0
       1
       1
       1
       0
       1
       0
       0
       0
       0
       0
       0
       0
       2
       0
       0
       1
       0
       0
       1
       1
       0
       0
       0
       0
       0
       1
       0
       0
       0
       1
       0
       0
       0
       1
       0
       0
       0
       0
       0
       0
       1
       0
       1
       0
       1
       0
       0
       0
       0
       0
       0
       0
       0
       0
       0
       0
       0
       0
       0
       0
       0
       0
       0
       0
       0
       0
       0
       0
       0
       0
       0
       0
       0
       1
       0
       0
       1
       1
       1
       3
       0
       2
       0
       0
       0
       0
       0
       0
       0
       2
       1
       1
       0
       0
       1
       1
       0
       0
       0
       0
       1
       0
       0
       0
       0
       0
       0
       1
       0
       0
       0
       0
       0
       0
       0
       1
       0
       0
       1
       0
       1
       0
       0
       0
       1
       0
       0
       0
       1
       0
       0
       1
       0
       0
       0
       1
       0
       0
       1
       0
       0
       0
       0
       0
       0
       0
       1
       0
       0
       0
       0
       0
       0
       1
       0
       0
       0
       0
       0
       0
       0
       0
       0
       1
       0
       0
       0
       1
       0
       0
       1
       0
       0
       0
       1
       0
       0
       0
       0
       0
       0
       0
       1
       0
       0
       0
       0
       0
       0
       1
       0
       0
       1
       0
       0
       0
       0
       0
       0
       0
       0
       0
       0
       0
       0
       0
       0
       1
       0
       0
       1
       0
       0
       0
       0
       0
       1
       0
       0
       0
       0
       0
       0
       0
       1
       1
       0
       0
       1
       0
       2
       0
       1
       1
       0
       0
       0
       0
       1
       0
       0
       0
       0
       0
       1
       0
       0
       0
       0
       0
       1
       0
       0
       0
       0
       0
       1
       0
       0
       0
       0
       0
       1
       0
       1
       0
       0
       0
       0
       0
       0
       0
       0
       2
       0
       0
       0
       0
       0
       1
       0
       0
       0
       1
       0
       0
       0
       0
       0
       0
       0
       0
       0
       0
       1
       0
       0
       0
       0
       0
       0
       0
       0
       0
       0
       1
       1
       0
       0
       0
       0
       1
       1
       0
       0
       0
       0
       0
       0
       0
       0
       0
       0
       0
       0
       1
       0
       0
       0
       0
       0
       1
       0
       0
       0
       0
       0
       0
       0
       0
       0
       0
       0
       0
       0
       0
       0
       0
       0
       0
       1
       0
       1
       0
       1
       0
       0
       0
       0
       0
       0
       0
       0
       0
       0
       0
       1
       0
       0
       0
       0
       1
       2
       0
       1
       0
       0
       0
       0
       0
       0
       0
       0
       1
       0
       0
       0
       0
       0
       0
       0
       0
       0
       0
       0
       1
       0
       0
       1
       0
       0
       0
       0
       0
       0
       0
       0
       0
       0
       0
       0
       0
       0
       0
       0
       0
       0
       0
       0
       0
       0
       1
       0
       0
       0
       1
       0
       0
       0
       0
       1
       0
       1
       1
       1
       0
       0
       0
       0
       1
       0
       0
       2
       1
       0
       2
       1
       0
       0
       0
       0
       0
       0
       0
       0
       0
       1
       0
       0
       0
       0
       2
       0
       1
       0
       1
       0
       1
       0
       0
       0
       0
       1
       0
       0
       0
       0
       0
       0
       0
       0
       1
       0
       0
       0
       0
       0
       0
       1
       0
       1
       0
       0
       0
       0
       0
       0
       0
       0
       0
       0
       0
       0
       1
       0
       0
       1
       0
       1
       1
       0
       0
       1
       0
       0
       0
       0
       0
       0
       0
       0
       0
       1
       1
       1
       2
       0
       0
       0
       0
       0
       0
       0
       0
       0
       0
       1
       1
       1
       0
       0
       0
       0
       0
       0
       0
       0
       0
       0
       0
       0
       0
       0
       0
       0
       0
       0
       0
       0
       0
       1
       0
       0
       0
       0
       0
       0
       1
       0
       1
       1
       0
       0
       0
       0
       1
       0
       0
       0
       0
       0
       0
       0
       0
       0
       1
       1
       0
       0
       0
       0
       0
       1
       1
       0
       0
       0
       0
       0
       0
       0
       0
       0
       2
       0
       0
       1
       0
       0
       0
       1
       0
       0
       0
       0
       0
       1
       0
       0
       0
       1
       2
       0
       0
       0
       0
       0
       0
       0
       0
       2
       0
       0
       0
       0
       1
       0
       0
       0
       0
       1
       0
       0
       0
       0
       0
       0
       0
       0
       0
       0
       0
       1
       0
       0
       0
       0
       0
       0
       0
       0
       0
       0
       0
       0
       0
       0
       0
       0
       0
       0
       0
       0
       1
       0
       0
       0
       1
       0
       1
       0
       0
       0
       0
       0
       0
       0
       0
       0
       0
       0
       0
       0
       0
       0
       0
       0
       0
       0
       0
       0
       0
       0
       0
       0
       0
       0
       0
       0
       0
       0
       0
       0
       0
       0
       0
       0
       0
       0
       0
       0
       0
       0
       0
       0
       0
       0
       0
       0
       0
       0
       0
       0
       0
       0
       0
       0
       0
       1
       0
       0
       0
       0
       0
       0
       0
       0
       1
       0
       0
       0
       0
       0
       0
       0
       1
       0
       0
       0
       0
       0
       0
       0
       0
       0
       0
       0
       0
       0
       0
       0
       1
       0
       0
       0
       0
       0
       0
       1
       0
       0
       0
       1
       0
       0
       0
       0
       0
       0
       0
       0
       0
       0
       1
       0
       0
       2
       0
       0
       0
       0
       1
       0
       0
       0
       0
       0
       1
       0
       0
       0
       0
       1
       0
       0
       0
       0
       0
       0
       2
       0
       1
       0
       0
       2
       0
       0
       0
       0
       0
       0
       0
       0
       0
       1
       0
       0
       0
       0
       0
       0
       0
       0
       0
       0
       0
       0
       0
       0
       0
       0
       0
       0
       0
       0
       1
       0
       0
       0
       0
       0
       0
       0
       0
       0
       0
       0
       0
       0
       0
       0
       0
       0
       0
       0
       0
       0
       0
       1
       0
       0
       0
       0
       0
       0
       0
       0
       0
       0
       0
       1
       1
       0
       1
       0
       0
       1
       0
       0
       0
       0
       0
       0
       0
       0
       0
       0
       0
       0
       0
       0
       0
       0
       1
       0
       0
       2
       0
       0
       0
       0
       0
       0
       0
       0
       0
       0
       0
       0
       0
       0
       0
       0
       0
       0
       0
       0
       0
       0
       0
       0
       0
       0
       0
       0
       0
       1
       0
       0
       0
       0
       0
       0
       2
       0
       1
       0
       0
       0
       1
       0
       0
       0
       0
       0
       0
       0
       0
       0
       0
       0
       1
       0
       0
       0
       0
       0
       0
       0
       0
       0
       0
       0
       0
       0
       1
       0
       0
       1
       0
       0
       0
       0
       0
       0
       0
       0
       0
       1
       0
       0
       0
       1
       0
       1
       0
       0
       0
       0
       0
       1
       0
       0
       1
       0
       1
       1
       0
       0
       0
       0
       0
       1
       0
       0
       0
       0
       0
       0
       0
       0
       0
       0
       0
       0
       1
       0
       0
       0
       0
       1
       1
       0
       0
       0
       0
       0
       0
       2
       0
       0
       1
       0
       0
       2
       0
       0
       0
       0
       0
       1
       0
       1
       0
       0
       0
       0
       0
       0
       0
       0
       0
       0
       0
       0
       0
       0
       0
       0
       0
       0
       1
       0
       0
       0
       0
       0
       0
       0
       0
       0
       0
       0
       0
       0
       0
       0
       0
       1
       0
       0
       0
       0
       0
       0
       0
       0
       0
       0
       0
       0
       0
       0
       0
       0
       0
       0
       0
       0
       0
       0
       0
       0
       0
       0
       1
       0
       0
       0
       0
       1
       0
       0
       0
       0
       0
       0
       0
       0
       0
       0
       0
       0
       1
       0
       0
       0
       0
       0
       0
       0
       1
       0
       0
       0
       0
       0
       0
       0
       1
       0
       1
       0
       0
       0
       0
       0
       0
       0
       0
       0
       0
       2
       0
       0
       0
       0
       0
       0
       0
       0
       0
       0
       0
       0
       0
       2
       0
       0
       1
       0
       0
       0
       0
       0
       0
       0
       0
       0
       0
       0
       0
       1
       0
       0
       0
       1
       0
       0
       0
       0
       0
       0
       0
       0
       0
       0
       0
       0
       0
       0
       0
       0
       0
       0
       0
       0
       1
       2
       0
       1
       0
       0
       0
       0
       1
       1
       0
       0
       1
       0
       0
       0
       0
       0
       0
       0
       0
       0
       0
       0
       1
       0
       1
       0
       0
       0
       0
       0
       0
       0
       0
       0
       0
       0
       0
       1
       0
       0
       0
       0
       0
       0
       0
       1
       0
       1
       0
       0
       0
       1
       0
       1
       0
       0
       0
       0
       1
       0
       1
       0
       0
       0
       0
       0
       0
       1
       0
       1
       0
       0
       0
       0
       0
       0
       0
       0
       0
       0
       0
       0
       0
       0
       0
       0
       0
       0
       0
       0
       0
       0
       0
       0
       0
       0
       0
       0
       0
       0
       0
       0
       0
       0
       0
       0
       0
       0
       0
       0
       0
       0
       0
       0
       0
       0
       0
       0
       0
       0
       0
       0
       0
       0
       0
       0
       0
       0
       0
       0
       0
       0
       0
       0
       0
       0
       0
       0
       0
       0
       0
$ROI:
3
5 213
215 1972
4034 4072
$PRESETS:
None
0
0
$ENER_FIT:
0.000000 0.000000
$MCA_CAL:
3
0.000000E+000 0.000000E+000 0.000000E+000 
$SHAPE_CAL:
3
0.000000E+000 0.000000E+000 0.000000E+000
