$SPEC_ID:
Silicon
$SPEC_REM:
DET# 3
DETDESC# 78-GP-NB0025 Model 928 SN 15355078
AP# Maestro Version 7.01
$DATE_MEA:
03/16/2024 11:19:43
$MEAS_TIM:
1140 1267
$DATA:
0 4095
       0
       0
       0
       0
       0
       0
       0
       0
       0
       0
       0
  145984
 8093138
 3507930
 1872949
 1489796
 1255367
 1072693
  918153
  783994
  668922
  570269
  487817
  419084
  362697
  316024
  275263
  242486
  213389
  189071
  166185
  147805
  130623
  115918
  102428
   90763
   80607
   71097
   62743
   55260
   48578
   42947
   37519
   32833
   28782
   25205
   21638
   19355
   16871
   14497
   12662
   11041
    9511
    8324
    7613
    6458
    5631
    5070
    4344
    3992
    3398
    3163
    2862
    2469
    2220
    2052
    1848
    1686
    1534
    1423
    1341
    1223
    1153
    1072
     954
     948
     871
     858
     769
     746
     775
     700
     685
     651
     608
     554
     549
     568
     529
     502
     487
     491
     494
     466
     423
     465
     412
     440
     412
     390
     400
     407
     367
     353
     350
     365
     377
     324
     356
     300
     306
     319
     305
     290
     290
     289
     270
     282
     262
     258
     249
     227
     263
     240
     241
     223
     234
     229
     204
     205
     201
     194
     183
     185
     182
     189
     166
     165
     177
     192
     161
     181
     160
     177
     153
     191
     146
     157
     159
     155
     171
     159
     160
     141
     118
     141
     130
     126
     130
     131
     141
     146
     114
     122
     121
     115
     119
      98
     115
     120
     112
     134
     123
     108
     105
     109
     110
      85
     102
      94
      92
      91
     113
     106
     105
      88
      75
      97
     103
      76
      76
     102
      97
      80
      85
      88
      74
      96
      85
      65
      71
      81
      84
      78
      89
      76
      81
      85
      80
      66
      83
      65
      93
      77
      73
      59
      68
      76
      63
      75
      68
      72
      57
      55
      70
      59
      67
      63
      54
      56
      62
      63
      52
      47
      58
      65
      59
      46
      67
      45
      67
      53
      56
      58
      53
      60
      57
      50
      52
      46
      38
      55
      43
      43
      45
      44
      42
      52
      48
      54
      50
      48
      41
      41
      27
      37
      34
      42
      41
      51
      45
      50
      46
      49
      48
      38
      42
      38
      43
      46
      29
      46
      34
      39
      36
      35
      48
      36
      28
      43
      34
      39
      31
      38
      35
      50
      35
      40
      30
      31
      38
      31
      38
      44
      37
      24
      45
      43
      31
      36
      26
      39
      34
      34
      29
      38
      24
      28
      27
      32
      29
      43
      29
      28
      30
      25
      32
      25
      39
      25
      34
      39
      22
      20
      31
      29
      32
      24
      29
      32
      20
      27
      29
      24
      29
      26
      33
      24
      25
      17
      23
      27
      23
      20
      31
      26
      23
      16
      27
      23
      32
      20
      25
      28
      23
      20
      25
      22
      18
      24
      15
      21
      19
      28
      18
      20
      23
      23
      23
      11
      15
      26
      25
      21
      13
      16
      20
      18
      18
      16
      17
      16
      28
      23
      19
      22
      13
      23
      21
      22
      14
      19
      21
      22
      21
      20
      31
      19
      10
      22
       9
      20
      18
      13
      12
      21
      21
      20
      15
      14
      11
      10
      14
      18
       8
      18
      14
      13
      11
      16
      20
      22
      18
      19
      21
      15
      17
      21
      12
      18
      17
      14
      27
      16
      19
      14
      12
       9
      18
      16
      13
      11
      12
      16
      16
      16
      18
      17
      15
      10
      12
      11
      18
      24
      11
      14
      14
      11
      19
       6
      20
      16
       6
      22
      13
      11
      14
      14
      12
       8
      10
      14
      10
      16
      16
       6
      14
       5
      14
      11
      18
      14
      11
       9
      12
      14
       8
      17
      14
       8
      12
       5
      13
      16
      19
      15
       9
      12
       9
      14
      11
       6
      12
      14
       8
      17
      14
      12
       8
      10
       7
      10
      14
       7
      10
      11
      11
      15
      13
       6
      14
       6
      10
      12
      10
      13
       9
      11
       5
      16
      14
      10
      13
       7
       8
      10
       7
      12
       4
      13
      11
      13
       5
      16
       9
      14
       9
       7
      10
       7
      13
       5
      14
       9
      13
      10
       5
       6
       6
       9
      10
      10
      10
       8
      10
       7
       4
      14
      10
      16
       9
       8
      10
       8
       6
       8
       8
       6
       7
      12
       7
       4
       8
       7
       7
       9
       6
      12
       9
       6
       5
      17
      11
       6
      10
       5
       4
      11
       7
       9
       3
       5
      11
       9
      10
      10
       6
      15
       3
      12
       5
       4
      10
      11
       3
       8
       8
       8
       8
       7
       5
       4
       7
       6
      11
       8
       6
       7
       9
       5
       7
      11
       7
      12
       7
       6
       3
       6
      11
       5
       5
       2
      11
       8
       7
       4
      12
       7
       5
       9
       7
       5
       7
       4
       6
       9
       5
       4
       9
       5
       5
       7
       5
       5
       8
       6
      12
       5
       8
       3
       9
       9
       4
       2
       6
       6
       6
       5
       8
       5
       5
       3
       5
       4
       7
       5
       6
       3
       7
       7
       9
       2
       5
       4
       4
       3
       8
       3
       5
      11
       5
       7
       3
       5
       7
       9
       5
       7
       5
       7
       2
       4
      11
      11
       7
       4
       8
       5
       5
       4
       6
      11
       3
       3
       4
       5
       5
       5
       8
       4
       8
       3
       5
       5
       2
       4
       4
       4
       3
       3
       3
       4
       7
       0
       5
       7
       4
       5
       3
       2
       3
       7
       6
       4
       6
       6
       6
       2
       5
       4
       6
       2
       1
       3
       3
       6
       5
       4
       2
       5
       4
       8
       6
       3
       9
       5
       2
       5
      12
       1
       8
       3
       4
       8
       4
       5
       4
       5
       5
       6
       6
       8
       5
       3
       3
       6
       5
       6
       2
       7
       2
       4
       5
       2
       2
       7
       7
       5
       9
       3
       4
       4
       3
       1
       3
       5
       3
       5
       3
       6
       2
       2
       3
       5
       2
       2
       4
       5
       4
       4
       2
       6
       2
       4
       1
       3
       1
       4
       4
       9
       3
       4
       4
       4
       3
       4
       2
       2
       7
       2
       3
       2
       1
       3
       3
       1
       8
       6
       3
       5
       7
       1
       4
       2
       3
       1
       0
       4
       7
       1
       4
       4
       1
       2
       6
       4
       3
       2
       3
       1
       4
       5
       5
       2
       1
       3
       4
       6
       4
       2
       3
       3
       1
       3
       8
       8
       8
       1
       4
       4
       3
       2
       2
       3
       6
       2
       5
       5
       3
       4
       2
       6
       2
       4
       1
       3
       6
       3
       2
       3
       5
       3
       5
       4
       3
       5
       1
       2
       4
       1
       6
       2
       4
       3
       4
       6
       0
       4
       4
       3
       5
       2
       2
       2
       5
       3
       4
       2
       5
       5
       3
       2
       3
       4
       1
       4
       2
       0
       3
       5
       2
       5
       2
       2
       2
       3
       7
       0
       2
       3
       4
       3
       6
       2
       3
       3
       2
       5
       1
       4
       2
       5
       0
       2
       2
       0
       5
       2
       2
       0
       3
       5
       3
       2
       4
       1
       1
       2
       5
       2
       3
       2
       2
       4
       4
       3
       3
       3
       6
       3
       3
       4
       3
       5
       2
       1
       2
       3
       3
       1
       4
       3
       2
       1
       3
       1
       1
       2
       5
       1
       0
       1
       0
       3
       2
       1
       1
       2
       2
       2
       1
       0
       1
       2
       1
       2
       1
       3
       0
       1
       2
       3
       3
       1
       4
       3
       2
       2
       4
       2
       3
       3
       1
       0
       2
       1
       4
       2
       1
       1
       0
       1
       2
       2
       1
       1
       0
       1
       1
       0
       2
       3
       4
       0
       4
       2
       2
       2
       4
       2
       1
       2
       2
       2
       1
       1
       2
       2
       1
       3
       1
       1
       1
       1
       0
       1
       1
       1
       3
       2
       0
       1
       0
       4
       2
       3
       3
       2
       1
       1
       1
       1
       4
       2
       0
       0
       1
       3
       3
       3
       2
       0
       3
       1
       2
       1
       1
       3
       2
       2
       1
       1
       2
       2
       3
       1
       4
       0
       2
       2
       3
       1
       1
       2
       3
       1
       2
       3
       2
       4
       2
       0
       4
       0
       0
       2
       1
       1
       0
       0
       1
       3
       0
       2
       1
       0
       2
       2
       3
       2
       5
       4
       3
       2
       5
       1
       3
       1
       2
       3
       1
       3
       3
       2
       3
       0
       6
       2
       2
       3
       3
       1
       0
       2
       2
       2
       2
       2
       0
       3
       6
       2
       0
       0
       2
       2
       3
       2
       1
       1
       1
       2
       1
       1
       5
       0
       2
       1
       3
       1
       1
       2
       1
       4
       1
       1
       1
       1
       1
       2
       1
       0
       1
       2
       1
       1
       1
       2
       0
       1
       4
       2
       0
       0
       0
       2
       0
       3
       1
       2
       1
       1
       6
       1
       2
       0
       1
       2
       0
       2
       1
       2
       1
       2
       3
       2
       1
       2
       1
       1
       0
       1
       3
       4
       2
       2
       1
       0
       1
       0
       0
       0
       0
       0
       3
       1
       3
       2
       1
       1
       0
       1
       0
       1
       4
       0
       2
       0
       1
       1
       1
       2
       1
       2
       1
       3
       0
       1
       2
       1
       3
       0
       2
       0
       1
       2
       1
       2
       1
       2
       2
       1
       2
       1
       2
       2
       2
       1
       1
       2
       2
       3
       1
       1
       1
       3
       2
       2
       0
       1
       1
       1
       1
       0
       0
       1
       1
       3
       2
       0
       1
       2
       2
       1
       0
       2
       0
       0
       5
       0
       4
       3
       2
       4
       3
       1
       0
       1
       2
       2
       2
       2
       2
       1
       0
       0
       0
       1
       1
       2
       1
       2
       1
       2
       2
       3
       0
       1
       1
       4
       3
       1
       1
       0
       1
       1
       0
       0
       3
       2
       2
       0
       0
       2
       0
       3
       2
       0
       1
       2
       2
       0
       1
       0
       1
       2
       1
       2
       0
       2
       3
       1
       2
       0
       0
       1
       1
       0
       1
       2
       0
       0
       1
       1
       2
       0
       0
       1
       3
       0
       2
       3
       0
       1
       1
       2
       0
       2
       4
       1
       1
       1
       2
       0
       2
       1
       0
       0
       1
       1
       1
       1
       3
       2
       0
       0
       1
       2
       0
       1
       1
       1
       0
       1
       2
       1
       1
       1
       3
       2
       0
       0
       0
       0
       2
       2
       2
       1
       0
       0
       1
       1
       2
       3
       1
       1
       1
       0
       0
       0
       3
       3
       0
       1
       1
       0
       1
       2
       1
       0
       1
       1
       1
       0
       1
       1
       1
       1
       3
       1
       2
       1
       1
       3
       1
       0
       1
       2
       0
       2
       1
       1
       0
       1
       1
       0
       2
       0
       2
       3
       4
       1
       0
       0
       1
       4
       1
       1
       1
       3
       0
       1
       2
       2
       0
       1
       2
       1
       2
       1
       1
       3
       1
       3
       2
       1
       1
       1
       3
       3
       0
       2
       1
       1
       0
       1
       0
       1
       2
       0
       3
       1
       1
       3
       1
       1
       1
       0
       2
       0
       1
       1
       0
       3
       1
       1
       1
       1
       0
       2
       0
       1
       0
       0
       0
       0
       3
       2
       0
       1
       2
       0
       2
       1
       0
       3
       3
       0
       1
       4
       0
       0
       1
       1
       1
       1
       2
       0
       0
       2
       0
       0
       0
       0
       0
       1
       1
       0
       0
       1
       2
       2
       0
       1
       0
       1
       0
       3
       0
       2
       0
       2
       0
       2
       1
       4
       0
       2
       2
       2
       0
       0
       1
       1
       1
       1
       0
       1
       0
       0
       1
       1
       2
       1
       1
       1
       2
       1
       2
       0
       1
       0
       0
       0
       2
       0
       0
       3
       1
       1
       0
       1
       0
       3
       1
       1
       0
       3
       3
       0
       0
       1
       0
       3
       4
       1
       2
       3
       2
       0
       0
       2
       1
       3
       0
       1
       0
       1
       1
       0
       1
       0
       1
       0
       0
       0
       0
       1
       0
       1
       2
       0
       1
       2
       2
       0
       2
       0
       0
       1
       2
       2
       2
       0
       0
       0
       1
       1
       0
       4
       3
       1
       1
       1
       1
       1
       0
       1
       0
       0
       3
       3
       0
       1
       0
       0
       1
       0
       1
       1
       2
       1
       0
       3
       0
       0
       2
       1
       1
       1
       0
       2
       0
       1
       1
       2
       3
       1
       4
       1
       3
       0
       1
       0
       0
       3
       1
       1
       1
       0
       0
       2
       2
       1
       5
       0
       1
       0
       1
       1
       1
       1
       2
       0
       2
       1
       0
       0
       1
       2
       1
       1
       3
       0
       0
       2
       2
       1
       1
       1
       0
       0
       0
       1
       0
       0
       1
       1
       1
       2
       1
       0
       1
       0
       0
       2
       1
       1
       1
       0
       4
       2
       1
       1
       1
       1
       2
       0
       1
       0
       0
       0
       0
       1
       2
       1
       0
       0
       1
       1
       0
       0
       0
       0
       2
       3
       0
       1
       1
       1
       2
       1
       0
       0
       1
       0
       1
       1
       2
       1
       2
       1
       1
       0
       2
       2
       1
       1
       1
       0
       0
       0
       2
       1
       1
       0
       2
       1
       1
       1
       1
       1
       2
       2
       0
       0
       1
       0
       1
       0
       1
       0
       2
       2
       0
       1
       2
       1
       0
       1
       2
       0
       0
       0
       1
       1
       1
       0
       1
       1
       0
       2
       0
       0
       2
       1
       2
       0
       1
       1
       0
       1
       2
       0
       2
       0
       1
       0
       0
       1
       0
       0
       0
       1
       1
       0
       1
       0
       1
       2
       0
       0
       0
       0
       2
       5
       1
       1
       3
       1
       2
       0
       0
       3
       0
       1
       0
       0
       1
       3
       2
       1
       1
       1
       0
       2
       2
       0
       1
       0
       1
       1
       0
       1
       1
       0
       0
       2
       4
       2
       0
       0
       1
       1
       0
       3
       2
       0
       0
       2
       0
       1
       2
       2
       0
       1
       0
       1
       1
       1
       0
       1
       0
       0
       0
       0
       0
       0
       0
       0
       2
       0
       3
       0
       0
       0
       0
       0
       1
       0
       1
       0
       1
       0
       3
       0
       0
       0
       0
       1
       2
       1
       1
       1
       1
       2
       2
       1
       2
       2
       2
       0
       1
       0
       1
       1
       1
       2
       2
       1
       3
       0
       2
       2
       0
       0
       1
       2
       0
       1
       1
       1
       1
       0
       0
       1
       1
       0
       1
       0
       1
       1
       0
       1
       1
       0
       1
       0
       1
       0
       0
       3
       0
       0
       0
       0
       0
       0
       0
       1
       0
       0
       2
       2
       2
       2
       1
       0
       1
       2
       0
       0
       0
       1
       0
       0
       1
       1
       1
       0
       0
       3
       2
       1
       0
       0
       4
       1
       2
       0
       1
       1
       0
       0
       0
       0
       0
       0
       1
       0
       0
       0
       0
       0
       0
       2
       0
       0
       1
       1
       1
       2
       0
       0
       0
       0
       0
       1
       0
       1
       0
       1
       0
       1
       1
       0
       2
       0
       2
       0
       1
       0
       1
       0
       0
       0
       0
       1
       1
       1
       1
       0
       1
       0
       2
       1
       0
       0
       1
       1
       1
       1
       2
       0
       2
       0
       1
       0
       0
       0
       1
       2
       2
       0
       3
       1
       1
       0
       0
       2
       0
       0
       0
       1
       1
       0
       1
       0
       2
       0
       0
       0
       2
       0
       2
       2
       0
       0
       0
       2
       0
       1
       2
       0
       1
       1
       0
       0
       1
       0
       2
       0
       0
       0
       0
       1
       0
       0
       0
       0
       0
       0
       1
       1
       1
       0
       1
       1
       1
       0
       0
       0
       1
       3
       0
       0
       0
       0
       0
       0
       0
       0
       1
       1
       1
       0
       0
       0
       0
       0
       0
       0
       1
       0
       1
       1
       0
       0
       0
       0
       0
       1
       1
       0
       0
       0
       0
       1
       1
       0
       1
       0
       0
       0
       0
       1
       0
       1
       1
       0
       0
       0
       1
       0
       2
       1
       0
       0
       0
       0
       2
       0
       1
       1
       0
       0
       1
       0
       0
       1
       0
       1
       0
       0
       0
       0
       1
       0
       0
       2
       0
       1
       0
       0
       0
       0
       0
       2
       2
       1
       0
       0
       0
       0
       0
       1
       0
       1
       0
       0
       0
       0
       0
       3
       0
       0
       0
       0
       1
       0
       0
       0
       0
       0
       0
       0
       0
       1
       1
       2
       1
       1
       0
       0
       2
       1
       0
       0
       2
       0
       1
       0
       0
       0
       0
       0
       0
       1
       0
       1
       0
       1
       1
       2
       2
       0
       0
       1
       1
       0
       0
       0
       0
       0
       1
       0
       0
       0
       1
       0
       1
       1
       1
       0
       0
       0
       2
       0
       0
       0
       0
       0
       0
       0
       1
       1
       0
       0
       1
       0
       0
       0
       0
       1
       0
       0
       0
       1
       0
       0
       0
       0
       0
       0
       0
       0
       1
       0
       0
       0
       0
       0
       1
       0
       0
       0
       0
       0
       0
       1
       1
       0
       0
       0
       0
       0
       1
       1
       0
       0
       1
       0
       1
       0
       1
       1
       0
       1
       0
       2
       0
       0
       0
       0
       0
       2
       0
       0
       1
       0
       0
       0
       0
       0
       0
       2
       0
       1
       1
       0
       0
       0
       0
       0
       1
       0
       0
       0
       0
       0
       1
       0
       0
       1
       1
       1
       0
       0
       0
       0
       0
       0
       0
       0
       0
       1
       0
       0
       0
       1
       0
       1
       0
       0
       1
       2
       0
       0
       0
       0
       1
       0
       2
       0
       0
       1
       0
       0
       0
       0
       0
       0
       1
       1
       0
       0
       0
       0
       0
       0
       0
       1
       0
       0
       0
       0
       0
       0
       0
       0
       0
       0
       0
       0
       0
       0
       0
       0
       1
       0
       1
       0
       0
       1
       2
       2
       1
       1
       0
       0
       0
       0
       1
       0
       0
       0
       0
       0
       0
       1
       0
       0
       0
       0
       1
       1
       0
       0
       0
       0
       0
       0
       0
       0
       0
       0
       0
       0
       3
       0
       0
       1
       0
       1
       1
       2
       0
       0
       0
       0
       0
       0
       0
       0
       3
       1
       0
       0
       0
       0
       2
       0
       0
       0
       1
       0
       0
       0
       0
       0
       0
       1
       0
       0
       0
       1
       0
       1
       1
       0
       0
       1
       0
       1
       0
       0
       0
       1
       1
       1
       0
       0
       1
       0
       2
       0
       0
       1
       0
       1
       0
       0
       0
       0
       0
       1
       0
       0
       0
       2
       0
       0
       0
       0
       0
       0
       0
       0
       1
       0
       0
       0
       0
       0
       1
       2
       0
       0
       0
       0
       0
       0
       0
       0
       0
       0
       2
       0
       0
       0
       0
       0
       0
       0
       0
       1
       0
       0
       1
       0
       0
       1
       0
       0
       0
       1
       1
       0
       1
       0
       0
       1
       0
       0
       0
       0
       0
       0
       0
       1
       0
       0
       0
       1
       0
       1
       1
       0
       0
       1
       0
       0
       0
       0
       1
       0
       2
       0
       0
       0
       0
       0
       0
       0
       1
       0
       0
       0
       0
       0
       1
       0
       0
       1
       1
       0
       0
       0
       1
       0
       0
       0
       0
       0
       0
       0
       0
       0
       0
       0
       1
       0
       0
       0
       0
       0
       0
       1
       0
       0
       0
       1
       1
       0
       0
       0
       1
       0
       0
       1
       1
       0
       1
       1
       2
       0
       0
       1
       0
       1
       0
       0
       0
       0
       2
       0
       1
       0
       0
       1
       0
       0
       0
       1
       0
       0
       0
       0
       1
       1
       0
       1
       0
       0
       1
       0
       0
       0
       0
       0
       0
       0
       0
       1
       0
       0
       0
       0
       0
       0
       0
       2
       0
       0
       0
       0
       0
       0
       0
       0
       0
       0
       0
       0
       0
       0
       0
       0
       0
       0
       0
       1
       0
       3
       1
       0
       0
       0
       0
       0
       0
       0
       1
       0
       1
       0
       0
       0
       0
       0
       1
       0
       0
       0
       0
       1
       0
       0
       0
       0
       0
       0
       0
       0
       0
       0
       1
       0
       0
       1
       2
       0
       0
       0
       1
       0
       0
       0
       0
       0
       0
       0
       0
       0
       0
       0
       1
       0
       0
       0
       0
       1
       0
       0
       0
       0
       0
       1
       0
       0
       0
       0
       0
       1
       0
       1
       2
       1
       0
       0
       0
       0
       0
       0
       0
       2
       0
       0
       0
       0
       1
       0
       0
       2
       0
       0
       1
       0
       0
       0
       0
       0
       0
       0
       0
       0
       0
       0
       0
       0
       1
       0
       0
       0
       0
       1
       0
       0
       1
       0
       0
       0
       0
       0
       0
       0
       1
       0
       0
       0
       0
       0
       1
       1
       0
       0
       0
       0
       1
       1
       0
       0
       0
       0
       0
       0
       0
       0
       0
       1
       0
       1
       1
       0
       0
       0
       0
       0
       1
       0
       0
       0
       0
       0
       0
       0
       3
       0
       0
       1
       0
       0
       1
       0
       1
       0
       0
       1
       0
       0
       1
       0
       0
       0
       2
       0
       0
       0
       1
       0
       1
       1
       0
       0
       1
       0
       0
       0
       0
       0
       0
       0
       1
       1
       0
       0
       0
       0
       0
       1
       0
       1
       1
       0
       0
       0
       0
       0
       0
       0
       0
       1
       0
       1
       0
       0
       0
       0
       0
       0
       0
       0
       0
       0
       0
       1
       0
       1
       0
       0
       0
       1
       0
       1
       0
       0
       0
       1
       0
       0
       0
       0
       0
       0
       0
       0
       0
       0
       0
       0
       0
       0
       0
       2
       0
       0
       0
       0
       0
       0
       0
       0
       0
       0
       0
       0
       0
       0
       0
       0
       0
       0
       2
       0
       1
       0
       0
       0
       0
       0
       0
       0
       0
       0
       2
       0
       0
       1
       1
       0
       0
       0
       0
       0
       1
       0
       0
       0
       1
       0
       0
       0
       0
       0
       0
       0
       1
       1
       0
       0
       0
       0
       1
       1
       0
       0
       0
       1
       0
       0
       0
       0
       0
       1
       0
       0
       0
       0
       0
       0
       0
       0
       0
       0
       0
       0
       0
       0
       1
       0
       0
       0
       0
       0
       0
       0
       0
       0
       0
       0
       0
       0
       0
       0
       2
       1
       0
       0
       0
       0
       0
       0
       0
       0
       0
       0
       1
       2
       0
       0
       0
       0
       0
       0
       0
       0
       0
       0
       0
       0
       0
       0
       0
       0
       0
       0
       1
       0
       0
       0
       0
       0
       1
       0
       0
       1
       0
       0
       1
       0
       1
       0
       0
       1
       0
       1
       0
       0
       0
       0
       0
       0
       0
       0
       0
       0
       0
       0
       0
       0
       0
       0
       1
       0
       0
       0
       0
       0
       0
       1
       0
       0
       0
       0
       0
       0
       0
       0
       0
       0
       1
       0
       0
       0
       0
       0
       0
       0
       0
       0
       1
       0
       0
       0
       0
       0
       0
       0
       0
       0
       0
       0
       0
       1
       0
       0
       0
       0
       1
       0
       0
       0
       0
       0
       0
       0
       1
       0
       0
       0
       1
       0
       0
       0
       0
       0
       0
       0
       0
       1
       1
       0
       0
       0
       0
       0
       0
       0
       0
       0
       1
       0
       0
       0
       0
       0
       0
       0
       0
       0
       0
       0
       0
       0
       0
       0
       1
       0
       0
       0
       0
       0
       1
       0
       0
       0
       0
       0
       0
       0
       0
       0
       0
       0
       0
       0
       0
       0
       0
       0
       0
       0
       0
       0
       0
       2
       0
       2
       1
       0
       0
       0
       0
       0
       0
       0
       0
       0
       0
       0
       1
       0
       0
       0
       0
       0
       0
       0
       0
       1
       0
       1
       0
       1
       1
       0
       0
       0
       0
       1
       0
       0
       0
       0
       0
       0
       0
       0
       0
       0
       0
       0
       0
       0
       1
       0
       1
       0
       0
       0
       0
       0
       0
       1
       0
       1
       0
       0
       1
       0
       0
       1
       0
       0
       0
       0
       0
       0
       0
       0
       0
       0
       0
       0
       1
       0
       0
       0
       0
       0
       1
       0
       0
       0
       1
       0
       0
       0
       0
       0
       0
       0
       1
       0
       0
       0
       0
       0
       0
       0
       0
       0
       0
       0
       0
       0
       0
       0
       0
       0
       0
       0
       0
       0
       0
       0
       0
       0
       0
       0
       0
       0
       1
       0
       0
       0
       0
       0
       0
       1
       0
       0
       0
       0
       0
       0
       0
       0
       0
       0
       0
       0
       0
       0
       0
       1
       0
       0
       0
       0
       0
       0
       0
       0
       0
       0
       0
       0
       0
       0
       0
       1
       0
       0
       0
       1
       0
       0
       2
       0
       0
       0
       0
       1
       1
       0
       0
       0
       0
       0
       0
       0
       0
       0
       0
       0
       0
       0
       0
       0
       0
       0
       0
       0
       0
       0
       0
       0
       1
       1
       0
       0
       0
       0
       0
       0
       0
       0
       0
       0
       0
       0
       0
       1
       0
       0
       1
       0
       0
       0
       0
       0
       0
       0
       0
       0
       2
       0
       0
       0
       0
       0
       0
       0
       0
       0
       0
       0
       0
       1
       0
       0
       0
       0
       0
       1
       0
       0
       0
       0
       0
       0
       0
       0
       0
       0
       0
       0
       0
       1
       0
       1
       0
       0
       0
       0
       0
       0
       0
       0
       0
       1
       1
       0
       0
       0
       0
       0
       1
       0
       0
       0
       0
       0
       0
       0
       0
       0
       0
       0
       0
       0
       1
       0
       0
       0
       0
       0
       0
       0
       0
       1
       0
       0
       0
       0
       0
       0
       0
       0
       0
       1
       0
       0
       0
       0
       0
       0
       0
       0
       1
       0
       0
       0
       0
       0
       1
       1
       0
       0
       0
       0
       0
       0
       0
       0
       0
       0
       0
       0
       0
       1
       0
       1
       1
       0
       0
       0
       0
       0
       0
       0
       0
       0
       0
       0
       0
       0
       0
       0
       1
       0
       1
       0
       0
       0
       0
       0
       0
       0
       0
       0
       0
       0
       0
       0
       0
       0
       0
       0
       0
       0
       0
       0
       1
       0
       0
       0
       0
       0
       0
       0
       0
       0
       0
       1
       0
       0
       0
       0
       0
       0
       0
       0
       0
       0
       0
       0
       0
       0
       0
       0
       0
       1
       0
       0
       1
       0
       0
       0
       0
       0
       0
       0
       1
       0
       0
       0
       0
       0
       0
       0
       0
       0
       1
       0
       0
       0
       0
       0
       0
       0
       0
       0
       0
       0
       0
       0
       0
       0
       0
       1
       0
       0
       0
       0
       1
       0
       0
       0
       0
       0
       0
       0
       0
       0
       0
       0
       0
       0
       0
       0
       0
       0
       0
       0
       0
       0
       0
       1
       0
       0
       0
       0
       0
       0
       0
       0
       0
       0
       0
       0
       0
       0
       0
       0
       0
       0
       0
       0
       0
       0
       0
       0
       0
       0
       0
       0
       0
       0
       0
       0
       0
       0
       0
       0
       1
       0
       0
       0
       0
       0
       0
       0
       0
       0
       0
       1
       1
       0
       0
       0
       0
       0
       0
       0
       0
       0
       0
       0
       0
       0
       0
       0
       0
       0
       0
       0
       0
       0
       0
       0
       0
       0
       0
       0
       0
       0
       0
       0
       0
       0
       0
       0
       0
       0
       0
       0
       0
       0
       0
       0
       0
       0
       0
       0
       0
       0
       0
       0
       0
       0
       0
       0
       0
       0
       0
       0
       0
       0
       0
       0
       0
       0
       0
       0
$ROI:
3
5 213
215 1972
4034 4072
$PRESETS:
None
0
0
$ENER_FIT:
0.000000 0.000000
$MCA_CAL:
3
0.000000E+000 0.000000E+000 0.000000E+000 
$SHAPE_CAL:
3
0.000000E+000 0.000000E+000 0.000000E+000
