$SPEC_ID:
Silicon
$SPEC_REM:
DET# 3
DETDESC# 78-GP-NB0025 Model 928 SN 15355078
AP# Maestro Version 7.01
$DATE_MEA:
03/16/2024 10:31:59
$MEAS_TIM:
1090 1209
$DATA:
0 4095
       0
       0
       0
       0
       0
       0
       0
       0
       0
       0
       0
  135121
 7612826
 3402103
 1785667
 1405912
 1178329
 1006760
  859959
  734705
  626056
  534052
  456411
  393984
  339640
  296721
  259108
  226522
  199249
  176397
  156444
  137583
  122304
  108708
   95986
   85138
   74530
   65961
   58487
   51335
   45093
   39973
   34677
   30482
   26638
   23312
   20422
   17991
   15588
   13474
   11748
   10317
    8933
    7779
    6861
    6081
    5235
    4587
    4142
    3765
    3279
    2900
    2531
    2299
    2006
    1962
    1753
    1573
    1460
    1339
    1244
    1145
    1074
     949
     934
     919
     825
     759
     714
     690
     672
     651
     659
     582
     551
     538
     539
     500
     536
     520
     504
     451
     450
     419
     411
     390
     386
     385
     377
     360
     350
     360
     347
     329
     324
     349
     305
     319
     278
     307
     309
     291
     292
     265
     263
     252
     267
     261
     213
     233
     244
     232
     234
     213
     206
     230
     225
     199
     244
     183
     190
     190
     211
     183
     228
     169
     187
     176
     184
     183
     166
     146
     157
     145
     174
     152
     141
     149
     157
     151
     150
     163
     128
     149
     142
     137
     150
     133
     132
      96
     110
     141
     136
     113
     131
     122
     119
     105
     113
      99
     125
     115
     107
      94
     120
      87
     111
     106
      94
     110
     110
      91
      97
     105
      99
      81
      75
     103
      87
      80
      67
      67
      87
      88
      78
      82
      95
      71
      68
      75
      70
      82
      85
      67
      72
      73
      65
      89
      57
      72
      58
      73
      74
      69
      62
      71
      53
      74
      54
      79
      73
      67
      48
      66
      60
      61
      51
      54
      57
      57
      57
      55
      66
      59
      49
      47
      45
      63
      43
      60
      39
      53
      35
      41
      52
      54
      50
      58
      63
      44
      43
      51
      39
      47
      45
      51
      50
      45
      49
      49
      35
      42
      45
      41
      40
      44
      36
      50
      40
      42
      44
      39
      39
      49
      45
      43
      31
      45
      39
      42
      24
      42
      28
      38
      40
      33
      38
      38
      35
      43
      29
      41
      33
      17
      35
      36
      35
      42
      39
      28
      27
      35
      23
      27
      25
      35
      36
      26
      32
      34
      32
      31
      33
      32
      29
      21
      33
      33
      18
      37
      32
      30
      35
      37
      26
      30
      29
      23
      29
      27
      22
      23
      21
      32
      34
      26
      23
      20
      16
      14
      26
      25
      24
      15
      22
      23
      28
      24
      30
      19
      23
      22
      28
      17
      26
      26
      19
      19
      32
      25
      19
      30
      26
      25
      24
      18
      17
      22
      28
      17
      19
      20
      23
      22
      16
      22
      28
      18
      19
      20
      22
      16
      15
      22
      15
      19
      30
      17
      28
      25
      18
      14
      19
      18
      18
      20
      17
      13
      21
      16
      22
      23
      16
      19
      19
      26
      21
      19
      14
      17
      23
      17
      15
      19
      15
      14
      19
      13
      14
      20
      20
      20
      17
      12
      21
      21
      19
      17
      21
      15
      22
      17
      19
      23
      20
      13
      14
      10
      17
      14
      10
      12
      14
      10
      16
      15
      15
       8
      10
       9
      12
      15
      16
      13
      25
      16
       9
      16
      20
      13
      10
      14
      11
      10
       8
      10
       5
      12
      11
      15
      17
      13
      13
      16
       8
      15
       5
       6
      15
      11
       8
      10
      16
      10
      15
      18
      13
       8
      16
      13
      14
      15
      16
      11
      11
      17
      13
       7
       9
       9
      11
      16
      17
      10
       9
       6
      10
      10
      12
      14
       7
      10
      11
       9
       8
      17
      14
      19
       5
      12
      13
      15
       5
      14
      13
      10
      16
      10
      10
      17
       8
      10
       9
      17
      14
       7
       8
      12
      12
      13
      10
      15
       8
       9
       6
       5
      13
       7
       9
      10
      11
       9
       7
       8
       9
       7
       6
      11
      11
       6
      14
       9
       9
      11
       8
       7
      11
      11
      15
       2
       8
       6
      10
       4
      11
       6
       4
       4
       9
       8
       8
      12
       8
       9
      11
      13
      12
       6
      14
      12
       5
       5
       2
       2
       7
       9
      11
      14
       7
       6
       9
       8
       9
       5
       5
       8
      10
      10
       6
       8
      10
       7
       7
       7
       5
       5
       9
       3
       5
       5
       6
       6
       4
       5
      10
       6
       5
       6
       4
       5
      15
       8
       5
       5
      10
       6
       8
       6
       4
       3
       7
       2
       8
       4
      10
      10
       5
       4
       8
       2
       6
       5
      12
       4
       7
       5
       9
       4
       7
       6
      11
      14
       9
       4
       5
       6
       7
      12
       6
       7
       6
       7
       8
       3
       4
       3
       8
       6
       8
       3
       4
       9
       7
       6
       4
       5
       2
       4
       3
       6
       4
       4
       6
       2
       7
       2
       7
      10
       6
       3
       9
       4
       6
       8
       7
       5
       2
       6
       3
       4
       6
       5
       5
       6
      11
       4
       4
       4
       6
       7
       7
       3
       6
       0
       3
      10
       8
       6
       4
       2
       7
       6
       4
       4
       2
       3
       9
       3
       2
       7
       3
       9
       5
       4
       3
       7
       8
       7
       8
       4
       3
       9
       2
       4
       4
       6
       5
       1
       7
       4
       3
       6
       8
       5
       3
      10
       2
       2
       9
       2
       5
       5
       6
       4
       6
       4
       8
       2
       6
       3
       4
       7
       3
       6
       8
       8
       7
       6
       4
       4
       5
       4
       2
       4
       1
       6
       4
       4
       6
       5
       7
       2
       5
       6
       2
       7
       4
       4
       5
       5
       5
       5
       4
       4
       5
       2
       5
       2
       3
       3
       6
       2
       3
       2
       1
       3
       6
       3
       5
       3
       4
       7
       2
       1
       4
       1
       4
       3
       7
      10
       2
       6
       3
       2
       4
       2
       2
       5
       4
       8
       4
       1
       5
       2
       2
       3
       2
       5
       9
       5
       6
       5
       5
       4
       3
       2
       3
       2
       4
       5
       3
       4
       7
       3
       5
       0
       6
       7
       1
       7
       6
       3
       1
       5
       3
       4
       2
       3
       1
       3
       4
       2
       3
       3
       1
       1
       1
       2
       0
       4
       8
       4
       4
       5
       2
       3
       5
       5
       2
       5
       7
       4
       3
       5
       3
       2
       3
       2
       4
       3
       5
       4
       2
       3
       4
       2
       4
       4
       2
       1
       4
       3
       4
       4
       2
       3
       3
       3
       7
       6
       1
       4
       3
       4
       1
       3
       2
       2
       2
       0
       4
       0
       3
       1
       2
       3
       2
       4
       0
       2
       3
       2
       3
       0
       1
       5
       4
       4
       2
       3
       1
       4
       2
       1
       2
       4
       1
       3
       3
       1
       4
       1
       1
       2
       1
       2
       6
       0
       1
       2
       4
       3
       3
       4
       2
       3
       2
       2
       2
       3
       5
       1
       2
       0
       2
       3
       3
       2
       2
       3
       1
       1
       6
       2
       3
       3
       0
       0
       1
       2
       3
       0
       2
       0
       2
       3
       0
       2
       3
       2
       0
       4
       2
       4
       1
       3
       3
       4
       1
       1
       2
       2
       6
       4
       4
       4
       3
       1
       3
       1
       6
       3
       2
       3
       1
       3
       2
       3
       0
       6
       2
       2
       1
       4
       2
       3
       2
       4
       0
       2
       1
       2
       1
       3
       3
       2
       0
       2
       2
       0
       1
       2
       4
       1
       1
       6
       4
       2
       2
       4
       1
       2
       3
       3
       0
       0
       1
       0
       3
       2
       1
       2
       2
       2
       1
       3
       4
       0
       0
       0
       3
       1
       1
       1
       1
       2
       1
       2
       1
       3
       2
       0
       1
       1
       2
       0
       1
       0
       2
       0
       3
       3
       3
       0
       3
       1
       1
       2
       1
       2
       3
       4
       2
       1
       4
       2
       4
       2
       1
       3
       1
       1
       0
       3
       2
       2
       4
       2
       3
       1
       1
       0
       4
       0
       1
       3
       1
       1
       0
       2
       2
       0
       5
       2
       3
       4
       2
       2
       1
       2
       0
       0
       3
       2
       4
       4
       1
       3
       1
       3
       0
       0
       4
       2
       1
       0
       1
       0
       1
       0
       1
       1
       1
       5
       1
       4
       1
       2
       1
       2
       2
       1
       1
       1
       3
       0
       0
       2
       0
       5
       1
       3
       0
       1
       3
       1
       1
       0
       1
       2
       1
       0
       4
       3
       1
       2
       2
       2
       0
       1
       2
       2
       1
       3
       2
       3
       2
       3
       1
       2
       1
       0
       1
       2
       2
       1
       0
       2
       3
       3
       3
       0
       0
       2
       0
       0
       1
       0
       1
       1
       0
       2
       0
       3
       0
       1
       3
       1
       2
       3
       2
       1
       0
       2
       2
       1
       1
       5
       1
       1
       0
       1
       2
       0
       1
       2
       2
       1
       2
       2
       2
       0
       0
       0
       1
       0
       1
       1
       2
       3
       1
       1
       2
       1
       0
       4
       1
       2
       1
       1
       0
       3
       1
       0
       3
       3
       1
       0
       1
       2
       3
       1
       1
       3
       1
       1
       1
       1
       2
       0
       0
       3
       2
       1
       0
       1
       0
       0
       1
       1
       1
       0
       1
       1
       1
       1
       2
       1
       4
       1
       1
       1
       1
       0
       1
       2
       1
       1
       0
       2
       1
       2
       1
       1
       0
       2
       0
       1
       2
       2
       2
       1
       1
       1
       2
       0
       4
       2
       1
       1
       2
       1
       0
       1
       1
       0
       1
       1
       0
       0
       2
       2
       1
       1
       0
       0
       2
       1
       4
       1
       2
       0
       0
       1
       1
       2
       0
       0
       0
       1
       2
       3
       0
       1
       0
       1
       0
       0
       0
       0
       0
       0
       1
       1
       1
       2
       0
       1
       1
       5
       0
       0
       1
       1
       2
       2
       0
       0
       0
       0
       2
       3
       2
       0
       3
       2
       2
       3
       2
       0
       2
       1
       1
       1
       4
       0
       1
       0
       1
       0
       0
       2
       4
       3
       0
       0
       3
       2
       1
       0
       2
       0
       0
       1
       0
       1
       1
       1
       5
       2
       2
       1
       2
       0
       3
       0
       1
       1
       3
       2
       0
       0
       1
       0
       1
       0
       0
       1
       0
       1
       2
       1
       0
       2
       0
       0
       1
       0
       0
       2
       1
       1
       2
       1
       0
       2
       2
       3
       3
       0
       1
       1
       1
       1
       0
       0
       1
       2
       1
       2
       1
       0
       0
       0
       2
       2
       2
       1
       1
       1
       1
       1
       3
       1
       3
       1
       1
       3
       3
       1
       0
       2
       0
       1
       2
       2
       1
       1
       0
       3
       1
       0
       2
       0
       1
       1
       1
       0
       1
       0
       0
       0
       2
       2
       0
       3
       0
       0
       0
       1
       1
       1
       1
       2
       1
       0
       2
       1
       1
       1
       2
       0
       0
       0
       0
       0
       0
       2
       1
       1
       3
       0
       0
       2
       1
       0
       0
       4
       1
       0
       0
       1
       0
       2
       1
       1
       2
       1
       3
       0
       1
       0
       0
       1
       0
       0
       3
       2
       0
       0
       0
       1
       1
       2
       1
       3
       2
       1
       3
       1
       1
       1
       1
       2
       3
       1
       0
       1
       2
       1
       0
       0
       1
       1
       4
       2
       0
       0
       3
       3
       3
       3
       2
       1
       2
       1
       0
       0
       2
       0
       2
       2
       2
       0
       0
       2
       1
       0
       0
       1
       1
       1
       1
       1
       0
       0
       1
       2
       0
       0
       1
       0
       0
       0
       0
       2
       3
       3
       2
       1
       1
       1
       1
       2
       0
       0
       1
       2
       0
       2
       0
       0
       1
       0
       2
       1
       3
       0
       2
       0
       0
       1
       2
       1
       2
       2
       2
       0
       1
       0
       0
       1
       1
       0
       2
       1
       0
       2
       2
       0
       0
       2
       1
       0
       1
       0
       1
       1
       0
       2
       2
       0
       4
       0
       0
       0
       2
       1
       0
       0
       1
       1
       1
       1
       2
       0
       1
       1
       2
       0
       1
       0
       0
       2
       1
       3
       1
       2
       1
       0
       0
       2
       1
       1
       1
       2
       1
       2
       0
       0
       1
       4
       1
       0
       0
       2
       1
       1
       1
       0
       0
       1
       0
       1
       2
       1
       1
       1
       1
       0
       0
       2
       2
       1
       1
       0
       2
       2
       2
       0
       1
       0
       1
       1
       2
       1
       1
       1
       0
       0
       1
       1
       2
       0
       1
       2
       0
       0
       1
       2
       1
       1
       1
       0
       0
       2
       2
       0
       0
       1
       1
       0
       0
       2
       1
       3
       0
       0
       2
       0
       1
       2
       2
       1
       0
       1
       2
       0
       1
       1
       0
       2
       1
       0
       0
       1
       4
       1
       0
       0
       1
       0
       1
       0
       0
       1
       0
       1
       1
       1
       1
       0
       1
       0
       1
       1
       0
       2
       1
       1
       1
       1
       0
       1
       0
       1
       2
       2
       2
       0
       1
       4
       0
       1
       1
       0
       0
       1
       0
       1
       0
       0
       2
       2
       0
       1
       1
       0
       2
       1
       0
       2
       0
       1
       1
       0
       1
       2
       0
       3
       2
       0
       0
       0
       0
       1
       0
       0
       0
       1
       0
       0
       0
       1
       0
       1
       0
       1
       2
       0
       0
       1
       1
       1
       0
       1
       0
       1
       0
       0
       0
       1
       0
       0
       1
       2
       0
       0
       0
       0
       0
       1
       0
       0
       1
       1
       0
       1
       0
       0
       1
       6
       1
       2
       1
       1
       0
       1
       0
       2
       1
       0
       0
       1
       0
       0
       1
       1
       0
       0
       2
       0
       2
       0
       1
       1
       0
       1
       0
       2
       1
       0
       0
       0
       1
       0
       1
       0
       0
       1
       2
       1
       0
       1
       0
       0
       1
       0
       1
       1
       0
       0
       0
       1
       1
       0
       0
       1
       0
       0
       1
       1
       0
       1
       0
       1
       0
       0
       1
       0
       0
       0
       0
       2
       1
       0
       1
       0
       1
       0
       0
       2
       1
       0
       1
       2
       0
       0
       0
       0
       0
       0
       1
       0
       0
       0
       2
       1
       0
       1
       0
       0
       1
       1
       0
       0
       1
       0
       0
       1
       1
       0
       1
       0
       3
       0
       0
       1
       0
       0
       1
       0
       0
       2
       0
       0
       0
       1
       0
       1
       0
       1
       0
       4
       1
       2
       2
       1
       1
       1
       0
       1
       0
       0
       1
       0
       1
       0
       0
       1
       2
       0
       0
       0
       1
       1
       1
       0
       1
       1
       2
       1
       1
       0
       1
       1
       0
       1
       1
       0
       1
       0
       1
       1
       2
       0
       0
       0
       1
       2
       0
       2
       0
       4
       1
       0
       1
       1
       0
       0
       1
       2
       2
       0
       0
       0
       0
       0
       0
       1
       1
       0
       1
       0
       0
       1
       0
       1
       0
       1
       1
       0
       0
       1
       0
       0
       0
       1
       1
       1
       2
       2
       0
       0
       1
       0
       0
       0
       0
       1
       0
       1
       1
       0
       0
       1
       0
       1
       0
       1
       0
       1
       0
       1
       0
       0
       1
       0
       0
       1
       3
       0
       2
       0
       0
       0
       1
       0
       0
       1
       0
       1
       0
       0
       0
       3
       1
       1
       0
       1
       0
       2
       1
       0
       0
       1
       0
       1
       0
       0
       0
       0
       0
       0
       0
       0
       0
       0
       1
       1
       1
       1
       2
       1
       0
       0
       0
       0
       1
       0
       1
       0
       2
       1
       0
       3
       0
       1
       1
       1
       0
       0
       2
       0
       0
       0
       1
       1
       0
       1
       1
       0
       0
       1
       0
       0
       0
       2
       0
       1
       1
       0
       0
       1
       0
       0
       0
       0
       0
       0
       0
       0
       1
       0
       1
       0
       1
       1
       0
       2
       0
       0
       1
       1
       0
       0
       0
       1
       0
       0
       0
       1
       2
       1
       0
       1
       1
       0
       0
       0
       0
       1
       2
       1
       0
       0
       0
       1
       0
       0
       0
       0
       1
       0
       1
       0
       1
       1
       0
       0
       0
       0
       0
       1
       0
       2
       0
       1
       1
       0
       2
       0
       1
       0
       0
       1
       0
       0
       1
       0
       0
       0
       1
       0
       0
       1
       0
       0
       0
       0
       2
       0
       0
       1
       0
       0
       0
       0
       0
       0
       1
       0
       0
       0
       1
       0
       0
       0
       0
       0
       0
       2
       1
       0
       0
       1
       0
       0
       0
       0
       0
       0
       0
       0
       0
       0
       1
       0
       1
       0
       1
       1
       0
       0
       1
       1
       0
       0
       0
       0
       0
       0
       2
       0
       2
       0
       0
       0
       0
       0
       1
       0
       0
       1
       0
       0
       0
       1
       2
       0
       0
       0
       1
       0
       0
       1
       1
       1
       0
       0
       1
       0
       1
       0
       0
       0
       1
       1
       1
       0
       1
       0
       1
       0
       0
       1
       0
       0
       0
       0
       0
       0
       0
       0
       0
       0
       2
       0
       0
       1
       0
       0
       0
       0
       0
       0
       0
       0
       0
       2
       0
       0
       0
       1
       0
       0
       0
       0
       0
       1
       1
       0
       0
       0
       0
       0
       1
       1
       0
       0
       0
       1
       0
       0
       0
       1
       1
       1
       0
       0
       1
       1
       0
       0
       0
       0
       0
       1
       0
       0
       0
       1
       0
       0
       1
       0
       0
       2
       0
       0
       0
       0
       0
       0
       0
       0
       0
       0
       0
       0
       1
       1
       0
       0
       0
       0
       0
       0
       0
       1
       1
       0
       0
       0
       0
       0
       0
       0
       2
       1
       0
       0
       0
       0
       0
       0
       0
       2
       0
       0
       0
       0
       0
       0
       0
       0
       0
       0
       0
       0
       0
       0
       0
       0
       0
       1
       2
       2
       0
       1
       0
       0
       0
       0
       1
       0
       0
       0
       2
       0
       1
       0
       0
       0
       0
       0
       0
       1
       1
       0
       0
       0
       0
       1
       1
       0
       1
       1
       1
       0
       1
       0
       0
       1
       0
       0
       2
       0
       1
       1
       0
       0
       1
       0
       0
       1
       1
       0
       0
       1
       0
       0
       0
       0
       0
       0
       0
       1
       1
       0
       0
       0
       2
       0
       0
       2
       0
       1
       2
       0
       0
       3
       0
       0
       0
       0
       0
       1
       0
       0
       0
       0
       0
       0
       0
       1
       0
       0
       1
       1
       0
       1
       0
       0
       0
       0
       1
       0
       0
       0
       0
       1
       0
       0
       0
       0
       0
       0
       0
       0
       0
       1
       0
       0
       1
       1
       0
       1
       1
       1
       0
       1
       0
       0
       0
       0
       0
       0
       0
       0
       0
       1
       0
       0
       2
       1
       0
       0
       0
       0
       0
       0
       0
       1
       1
       0
       1
       0
       2
       0
       0
       0
       0
       0
       0
       0
       0
       1
       0
       0
       0
       0
       1
       1
       0
       1
       0
       0
       1
       0
       0
       0
       0
       0
       0
       1
       1
       0
       0
       1
       0
       0
       0
       0
       1
       0
       0
       0
       0
       0
       0
       0
       0
       0
       0
       0
       2
       0
       0
       0
       0
       1
       2
       0
       0
       1
       0
       0
       0
       0
       0
       0
       1
       0
       0
       2
       1
       1
       2
       0
       0
       1
       1
       0
       0
       1
       1
       0
       0
       0
       0
       0
       1
       1
       0
       0
       1
       0
       0
       0
       0
       0
       0
       0
       0
       0
       2
       0
       3
       0
       0
       1
       0
       0
       0
       0
       0
       0
       0
       0
       0
       1
       0
       0
       0
       0
       0
       0
       0
       0
       0
       1
       0
       0
       0
       0
       0
       0
       0
       1
       0
       0
       0
       0
       0
       1
       0
       1
       0
       0
       0
       0
       0
       0
       0
       0
       1
       0
       0
       0
       0
       0
       0
       0
       0
       0
       0
       0
       0
       0
       0
       0
       1
       1
       0
       0
       1
       0
       0
       0
       0
       0
       1
       0
       0
       0
       0
       0
       2
       1
       0
       0
       0
       0
       0
       0
       0
       0
       0
       0
       0
       0
       0
       0
       0
       0
       1
       0
       0
       1
       0
       0
       0
       0
       1
       0
       0
       0
       2
       0
       0
       0
       0
       0
       0
       0
       0
       0
       0
       0
       0
       1
       1
       0
       0
       0
       0
       1
       0
       0
       0
       1
       0
       3
       0
       1
       0
       0
       0
       1
       0
       0
       0
       0
       1
       0
       0
       1
       0
       0
       1
       0
       1
       0
       0
       1
       0
       0
       0
       0
       1
       0
       0
       0
       1
       0
       0
       0
       0
       0
       0
       0
       0
       0
       0
       0
       1
       0
       0
       0
       0
       0
       1
       0
       0
       0
       0
       0
       1
       0
       0
       0
       2
       1
       0
       1
       1
       0
       1
       1
       0
       0
       0
       0
       0
       1
       1
       0
       0
       0
       0
       0
       0
       0
       0
       0
       0
       1
       0
       0
       0
       0
       1
       0
       0
       0
       0
       1
       0
       0
       1
       1
       0
       0
       0
       0
       0
       0
       0
       1
       0
       0
       0
       0
       0
       0
       0
       0
       0
       0
       0
       3
       0
       0
       0
       0
       1
       0
       0
       0
       0
       0
       0
       0
       1
       0
       0
       0
       1
       0
       0
       0
       0
       0
       0
       0
       0
       0
       0
       0
       1
       1
       0
       0
       1
       0
       1
       0
       1
       0
       0
       0
       0
       1
       0
       0
       1
       0
       0
       0
       2
       0
       0
       0
       1
       0
       0
       0
       0
       0
       0
       1
       0
       0
       0
       0
       0
       0
       0
       0
       0
       0
       0
       0
       0
       0
       0
       1
       0
       1
       0
       0
       0
       0
       0
       0
       0
       0
       0
       0
       0
       0
       0
       0
       0
       0
       0
       0
       0
       0
       0
       0
       0
       0
       1
       0
       0
       0
       0
       0
       0
       0
       0
       0
       0
       0
       0
       0
       0
       0
       0
       0
       0
       1
       0
       0
       0
       0
       0
       0
       0
       0
       0
       0
       0
       1
       0
       0
       1
       0
       0
       1
       0
       0
       0
       0
       0
       0
       0
       0
       2
       0
       0
       0
       0
       0
       0
       0
       0
       0
       0
       0
       1
       0
       0
       0
       1
       1
       0
       0
       0
       0
       0
       0
       0
       0
       1
       0
       0
       0
       0
       0
       0
       1
       0
       0
       1
       0
       0
       0
       0
       0
       0
       1
       1
       0
       0
       0
       0
       0
       0
       1
       0
       0
       0
       1
       0
       0
       0
       0
       0
       0
       0
       0
       0
       1
       0
       0
       0
       1
       0
       0
       0
       0
       0
       0
       0
       0
       0
       0
       0
       0
       1
       0
       0
       0
       0
       0
       0
       0
       0
       0
       0
       0
       0
       0
       1
       0
       0
       0
       0
       0
       0
       1
       0
       0
       0
       0
       0
       0
       0
       0
       1
       1
       0
       0
       0
       0
       0
       0
       0
       0
       0
       0
       0
       0
       0
       0
       1
       0
       0
       0
       0
       0
       0
       0
       0
       0
       0
       0
       0
       0
       0
       0
       0
       0
       0
       0
       0
       0
       0
       0
       0
       0
       0
       1
       0
       0
       0
       1
       0
       0
       0
       0
       0
       0
       0
       0
       0
       0
       0
       0
       0
       0
       0
       0
       0
       1
       0
       0
       0
       0
       1
       0
       0
       0
       0
       1
       0
       0
       0
       0
       0
       0
       0
       0
       0
       1
       0
       0
       0
       1
       0
       1
       0
       0
       0
       0
       0
       0
       0
       0
       1
       1
       0
       1
       0
       1
       0
       0
       0
       0
       0
       0
       1
       0
       0
       0
       0
       0
       0
       0
       0
       0
       0
       0
       0
       0
       1
       0
       0
       0
       0
       0
       1
       1
       0
       0
       0
       0
       0
       0
       0
       0
       0
       0
       0
       0
       0
       0
       0
       1
       0
       0
       0
       1
       0
       0
       0
       0
       1
       0
       1
       0
       0
       0
       0
       0
       0
       0
       0
       0
       0
       0
       0
       0
       0
       0
       0
       0
       0
       0
       0
       0
       0
       0
       0
       0
       0
       0
       0
       1
       0
       0
       1
       0
       0
       1
       0
       0
       0
       0
       0
       0
       1
       0
       0
       0
       0
       0
       0
       0
       0
       0
       0
       0
       0
       0
       0
       0
       1
       0
       0
       0
       0
       0
       1
       0
       0
       0
       0
       1
       0
       0
       0
       0
       0
       0
       0
       0
       0
       0
       1
       0
       0
       0
       0
       0
       1
       0
       0
       1
       0
       0
       0
       0
       0
       1
       0
       0
       0
       0
       0
       0
       0
       0
       0
       0
       0
       0
       0
       0
       0
       0
       0
       0
       0
       1
       0
       0
       0
       0
       0
       0
       0
       0
       0
       0
       0
       1
       0
       0
       0
       0
       0
       0
       0
       0
       0
       0
       0
       0
       0
       2
       0
       0
       0
       0
       0
       0
       0
       1
       0
       0
       0
       0
       0
       0
       0
       0
       0
       0
       0
       0
       0
       0
       0
       0
       0
       0
       0
       0
       1
       0
       0
       0
       0
       0
       0
       0
       0
       0
       0
       0
       0
       1
       0
       0
       0
       0
       0
       0
       0
       0
       0
       0
       0
       0
       0
       0
       0
       0
       0
       0
       0
       1
       1
       0
       0
       0
       0
       0
       0
       0
       1
       0
       0
       0
       0
       0
       1
       0
       0
       0
       0
       0
       0
       0
       0
       0
       0
       1
       0
       0
       1
       0
       1
       0
       1
       0
       0
       0
       0
       1
       0
       0
       0
       0
       0
       0
       0
       0
       0
       0
       0
       0
       1
       0
       0
       0
       0
       0
       0
       0
       0
       1
       0
       0
       1
       0
       0
       0
       0
       0
       0
       0
       0
       0
       0
       0
       1
       0
       0
       0
       0
       0
       0
       0
       0
       0
       0
       0
       0
       1
       0
       0
       0
       0
       0
       0
       0
       0
       0
       1
       0
       0
       0
       1
       0
       0
       0
       0
       0
       0
       0
       1
       0
       0
       0
       0
       0
       0
       0
       0
       0
       1
       1
       0
       0
       0
       0
       0
       0
       0
       0
       0
       0
       0
       0
       0
       0
       0
       0
       0
       0
       0
       0
       0
       0
       0
       1
       0
       1
       0
       0
       0
       0
       0
       2
       0
       0
       0
       1
       0
       0
       0
       0
       0
       0
       0
       0
       0
       0
       0
       0
       0
       0
       0
       0
       0
       0
       0
       0
       0
       1
       0
       0
       0
       0
       0
       0
       0
       0
       0
       0
       0
       0
       0
       0
       0
       0
       0
       0
       0
       0
       0
       0
       0
       0
       0
       0
       0
       0
       0
       0
       0
       0
       0
       0
       0
       0
       0
       0
       0
       0
       0
       0
       1
       0
       0
       0
       0
       0
       1
       0
       0
       0
       0
       0
       0
       0
       0
       0
       1
       1
       0
       0
       0
       0
       0
       0
       0
       0
       0
       0
       0
       0
       0
       0
       0
       0
       0
       0
       0
       0
       0
       0
       0
       0
       0
       0
       0
       0
       0
       0
       0
       0
       0
       0
       0
       0
       0
       0
       0
       0
       0
       0
       0
       0
       0
       0
       0
       0
       0
       0
       0
       0
       0
       0
       0
       0
       0
       0
       0
       0
       0
       0
       0
       0
       0
       0
       0
       0
       0
       0
       0
       0
       0
       0
       0
       0
       0
       0
       0
       0
       0
$ROI:
3
5 213
215 1972
4034 4072
$PRESETS:
None
0
0
$ENER_FIT:
0.000000 0.000000
$MCA_CAL:
3
0.000000E+000 0.000000E+000 0.000000E+000 
$SHAPE_CAL:
3
0.000000E+000 0.000000E+000 0.000000E+000
