$SPEC_ID:
Silicon
$SPEC_REM:
DET# 3
DETDESC# 78-GP-NB0025 Model 928 SN 15355078
AP# Maestro Version 7.01
$DATE_MEA:
03/14/2024 22:08:29
$MEAS_TIM:
544 617
$DATA:
0 4095
       0
       0
       0
       0
       0
       0
       0
       0
       0
       0
       0
   58654
 3868605
 2081257
 1132403
 1009371
  873246
  688175
  531521
  432612
  365745
  312844
  269909
  232191
  200166
  173087
  150301
  131145
  115158
  100807
   89322
   78445
   69461
   61447
   54224
   48158
   42746
   37453
   33169
   29323
   26059
   22754
   20020
   17497
   15380
   13458
   11888
   10412
    9143
    7971
    6857
    6119
    5164
    4665
    4092
    3493
    3134
    2773
    2509
    2210
    1874
    1671
    1530
    1427
    1281
    1145
    1063
     949
     918
     798
     693
     664
     628
     572
     564
     482
     499
     481
     451
     411
     393
     407
     357
     340
     346
     296
     338
     299
     277
     290
     290
     256
     277
     263
     272
     242
     237
     211
     214
     212
     245
     209
     182
     216
     190
     179
     201
     194
     171
     167
     181
     168
     161
     181
     149
     132
     152
     136
     142
     135
     135
     147
     128
     161
     139
     112
     141
     126
     130
     118
     109
     100
     111
      96
      95
      89
     111
     108
     103
      85
      82
      73
     102
      87
     106
      96
      73
      87
      92
      95
      80
      86
      89
      67
      83
      80
      74
      60
      73
      70
      68
      79
      71
      72
      54
      53
      60
      63
      57
      55
      67
      53
      48
      49
      53
      48
      64
      58
      53
      60
      52
      46
      55
      57
      48
      56
      57
      60
      51
      55
      46
      37
      37
      47
      49
      42
      42
      59
      36
      34
      44
      58
      49
      34
      34
      45
      41
      39
      36
      39
      45
      25
      34
      31
      31
      33
      23
      23
      41
      27
      37
      34
      40
      30
      38
      30
      26
      21
      34
      41
      38
      32
      31
      26
      36
      25
      21
      40
      32
      18
      30
      33
      24
      30
      17
      14
      24
      14
      25
      27
      25
      32
      32
      39
      37
      21
      33
      23
      27
      28
      24
      30
      24
      24
      26
      22
      19
      18
      26
      15
      24
      16
      18
      20
      22
      21
      24
      25
      23
      16
      26
      13
      35
      27
      19
      18
      22
      25
      18
      22
      14
      19
      25
      11
      22
      15
      18
      22
      11
      18
      23
      24
      22
      15
      14
      22
      17
      25
      14
      17
      13
      12
      16
      11
      16
      19
      15
      11
      18
      12
      20
      15
      18
      11
      12
      16
      12
      16
      19
      17
      21
      17
      21
       9
      15
      16
      12
      13
      12
      12
      16
      11
      16
      13
      12
      19
      10
      10
      14
      16
       5
      18
       9
       9
      13
      12
       9
      11
      16
      19
      10
      13
      10
      11
      14
       7
      16
      14
      18
       6
       5
       6
      13
      10
      13
      14
      13
       7
      11
      13
      11
      12
       8
       8
      12
       8
       9
      18
       5
       8
      10
      15
      12
      10
      10
      14
       9
      11
      13
       8
       7
       5
       8
      12
      13
      12
       7
      13
       7
       7
      16
      12
      10
       5
       6
       2
       7
      13
      12
       4
       9
      16
       6
      10
       8
      10
      16
       8
       8
       8
       8
       9
       7
       7
       7
       8
       6
       8
      10
      15
      10
       6
      13
       6
       7
      13
      10
       6
       7
       5
       6
       4
       7
       7
       5
       8
       6
       8
       7
      10
       9
      10
      11
       9
       9
      11
       5
       6
       7
       4
       5
      13
       6
       7
       8
      12
       7
       4
       4
       7
      10
       6
      10
       5
       5
       8
       6
       8
      10
       7
       8
       7
      13
       4
       6
      10
       6
       5
       5
       6
       4
       8
       7
       5
       8
       9
       5
       9
      10
       9
       5
       7
       6
       6
       9
       6
       5
       4
       3
       4
      11
       8
       4
       8
       4
       5
       7
       5
       5
       6
      10
       2
       3
       5
      11
       8
       4
       5
       6
       5
       5
       2
       8
       7
       2
       2
       6
       5
       4
       4
       4
       3
       3
       0
      10
       1
       3
       2
       6
       4
       2
       4
       2
       4
       3
       5
       5
       7
       3
       5
       5
       7
       3
       2
       2
       9
       2
       7
      10
       3
       2
       3
       2
       6
       4
       5
       3
       5
       5
       4
       7
       2
       5
       2
       3
       4
       6
       6
       6
       1
       4
       5
       3
       9
       3
       7
       3
       9
       3
       4
       4
       5
       2
       7
       2
       4
       4
       5
       7
       4
       4
       3
       8
       4
       9
       2
       2
       4
       4
       5
       3
       3
       4
       4
       4
       1
       2
       3
       3
       5
       0
       1
       2
       0
       3
       2
       7
       5
       4
       7
       4
       3
       4
       6
       2
       4
       4
       3
       4
       3
       3
       3
       3
       2
       2
       5
       1
       2
       1
       0
       4
       1
       4
       0
       3
       7
       3
       6
       4
       6
       6
       3
       3
       6
       2
       3
       6
       3
       3
       3
       4
       3
       1
       1
       8
       2
       1
       3
       2
       2
       2
       4
       3
       3
       4
       3
       6
       2
       2
       3
       2
       3
       3
       4
       3
       2
       1
       3
       4
       0
       2
       2
       3
       1
       2
       2
       2
       1
       2
       0
       2
       4
       0
       3
       2
       0
       3
       2
       2
       4
       5
       4
       0
       2
       1
       4
       6
       1
       3
       1
       3
       1
       4
       2
       8
       3
       5
       1
       4
       3
       0
       1
       6
       2
       4
       1
       5
       1
       2
       2
       5
       3
       1
       0
       3
       5
       2
       3
       3
       0
       1
       2
       0
       2
       0
       3
       3
       2
       1
       0
       2
       2
       0
       4
       2
       2
       2
       4
       5
       0
       4
       2
       4
       2
       3
       2
       3
       1
       2
       4
       2
       5
       2
       3
       2
       0
       3
       1
       5
       3
       2
       6
       1
       3
       5
       3
       1
       0
       1
       1
       2
       1
       1
       4
       1
       2
       4
       2
       2
       1
       3
       1
       2
       1
       0
       2
       1
       2
       0
       3
       0
       0
       1
       2
       1
       2
       1
       2
       2
       1
       0
       4
       2
       1
       1
       1
       0
       1
       1
       1
       1
       2
       1
       2
       1
       2
       4
       0
       2
       1
       4
       1
       3
       2
       1
       2
       3
       3
       2
       1
       1
       2
       4
       4
       3
       0
       5
       3
       1
       4
       3
       5
       3
       0
       5
       0
       3
       2
       2
       4
       1
       0
       3
       2
       0
       1
       3
       0
       2
       2
       0
       1
       2
       0
       4
       0
       0
       1
       2
       1
       1
       3
       4
       0
       0
       2
       0
       1
       1
       2
       2
       2
       0
       2
       1
       4
       4
       2
       1
       0
       1
       1
       1
       0
       2
       1
       2
       2
       2
       0
       0
       1
       1
       0
       1
       0
       2
       0
       2
       4
       1
       2
       2
       5
       2
       2
       3
       2
       3
       1
       1
       1
       0
       1
       0
       0
       0
       2
       2
       1
       2
       1
       2
       1
       1
       3
       1
       0
       2
       0
       1
       1
       0
       2
       2
       0
       0
       4
       1
       0
       1
       1
       1
       1
       2
       1
       3
       0
       1
       2
       0
       3
       0
       2
       0
       3
       0
       1
       3
       2
       2
       3
       2
       2
       0
       4
       1
       2
       2
       0
       1
       1
       3
       1
       1
       4
       4
       2
       2
       2
       2
       2
       1
       0
       3
       0
       1
       0
       1
       0
       0
       0
       1
       1
       0
       1
       4
       1
       1
       1
       1
       2
       0
       0
       0
       0
       0
       2
       2
       0
       1
       0
       0
       0
       2
       3
       0
       1
       2
       0
       1
       1
       2
       1
       3
       2
       0
       1
       0
       0
       0
       0
       2
       0
       1
       3
       1
       0
       2
       0
       0
       1
       1
       2
       1
       2
       1
       2
       0
       0
       1
       0
       0
       0
       1
       1
       0
       0
       0
       1
       1
       1
       1
       2
       0
       0
       1
       1
       0
       1
       0
       3
       0
       0
       1
       1
       1
       2
       4
       1
       0
       0
       0
       0
       0
       1
       0
       1
       1
       2
       1
       0
       1
       0
       1
       0
       1
       1
       2
       0
       1
       1
       1
       0
       0
       1
       1
       1
       2
       0
       0
       0
       0
       1
       1
       0
       3
       1
       0
       2
       2
       2
       1
       1
       0
       0
       0
       0
       0
       1
       1
       1
       0
       1
       1
       1
       2
       1
       0
       1
       3
       2
       0
       0
       0
       1
       0
       2
       1
       0
       0
       0
       0
       1
       1
       0
       0
       0
       1
       0
       2
       1
       1
       1
       1
       0
       1
       0
       3
       0
       1
       3
       1
       3
       2
       1
       1
       0
       0
       1
       0
       0
       0
       4
       0
       0
       0
       2
       0
       1
       3
       0
       0
       1
       0
       0
       0
       0
       0
       0
       4
       1
       1
       0
       0
       1
       3
       0
       1
       1
       0
       1
       1
       1
       0
       1
       1
       0
       0
       0
       0
       0
       1
       1
       0
       0
       0
       1
       0
       1
       0
       2
       0
       2
       1
       2
       0
       0
       1
       1
       1
       3
       2
       1
       0
       2
       3
       3
       2
       2
       1
       1
       0
       1
       0
       0
       0
       0
       0
       0
       2
       0
       0
       0
       1
       0
       1
       1
       2
       1
       0
       0
       0
       0
       0
       0
       0
       1
       2
       0
       2
       1
       0
       1
       2
       1
       2
       0
       0
       4
       0
       0
       0
       0
       0
       2
       1
       0
       0
       2
       0
       1
       1
       1
       0
       0
       1
       1
       0
       3
       0
       2
       0
       3
       2
       1
       1
       2
       1
       0
       0
       1
       0
       1
       2
       0
       1
       0
       1
       0
       0
       0
       1
       0
       0
       1
       1
       1
       1
       0
       1
       0
       0
       1
       1
       0
       0
       1
       0
       1
       1
       2
       1
       2
       0
       0
       2
       2
       1
       0
       1
       0
       0
       1
       0
       0
       1
       0
       0
       0
       2
       0
       2
       0
       0
       1
       1
       0
       0
       0
       1
       1
       0
       1
       0
       1
       1
       0
       1
       1
       0
       0
       0
       0
       0
       0
       2
       1
       0
       2
       2
       0
       1
       0
       2
       0
       1
       0
       0
       0
       1
       0
       0
       0
       0
       0
       0
       1
       1
       0
       0
       0
       0
       0
       1
       1
       0
       1
       0
       1
       0
       1
       0
       0
       1
       2
       1
       1
       0
       0
       0
       0
       1
       0
       1
       1
       0
       0
       0
       1
       1
       1
       0
       1
       0
       1
       1
       0
       0
       1
       0
       0
       0
       2
       1
       1
       0
       0
       0
       0
       0
       0
       1
       1
       2
       0
       1
       0
       1
       1
       0
       0
       0
       0
       0
       2
       0
       0
       1
       0
       0
       0
       0
       1
       1
       0
       0
       0
       2
       0
       1
       1
       1
       0
       1
       2
       0
       0
       0
       0
       3
       1
       1
       1
       1
       1
       2
       0
       0
       2
       0
       0
       0
       0
       0
       0
       1
       0
       0
       0
       2
       0
       1
       0
       0
       1
       0
       0
       0
       1
       0
       0
       0
       0
       0
       1
       1
       0
       0
       2
       2
       0
       0
       0
       0
       0
       1
       0
       1
       0
       0
       2
       1
       0
       0
       1
       0
       0
       1
       0
       0
       0
       1
       1
       0
       0
       2
       0
       0
       0
       1
       1
       0
       0
       1
       0
       0
       0
       0
       0
       0
       0
       0
       0
       0
       1
       0
       2
       1
       2
       1
       2
       0
       1
       0
       0
       1
       0
       1
       1
       1
       1
       1
       1
       1
       1
       0
       0
       1
       0
       0
       2
       1
       1
       2
       0
       0
       1
       0
       0
       0
       0
       0
       2
       1
       0
       0
       0
       0
       1
       0
       0
       0
       0
       2
       1
       0
       0
       3
       2
       1
       1
       0
       0
       0
       1
       0
       3
       0
       0
       0
       0
       0
       0
       0
       0
       0
       0
       0
       0
       2
       0
       0
       0
       0
       0
       1
       0
       1
       2
       1
       0
       0
       0
       1
       1
       0
       1
       0
       0
       2
       1
       0
       1
       1
       0
       1
       0
       0
       0
       1
       0
       1
       1
       0
       0
       0
       1
       0
       0
       1
       1
       0
       0
       3
       1
       0
       1
       0
       1
       0
       1
       0
       1
       0
       2
       0
       0
       0
       0
       0
       1
       0
       0
       1
       1
       0
       1
       0
       0
       0
       0
       1
       0
       0
       0
       0
       0
       0
       1
       1
       0
       2
       1
       0
       0
       1
       0
       1
       1
       0
       3
       0
       0
       1
       0
       0
       0
       0
       1
       0
       2
       0
       1
       0
       0
       0
       2
       0
       1
       1
       2
       2
       1
       1
       0
       1
       0
       0
       0
       2
       0
       0
       0
       1
       2
       0
       2
       0
       1
       1
       0
       0
       2
       0
       0
       0
       1
       1
       0
       0
       0
       0
       0
       0
       0
       2
       0
       1
       2
       0
       0
       0
       2
       0
       0
       0
       2
       0
       1
       2
       0
       2
       0
       0
       0
       0
       0
       0
       0
       0
       0
       0
       0
       0
       0
       2
       0
       0
       1
       3
       1
       2
       2
       0
       0
       0
       0
       0
       0
       1
       1
       0
       0
       1
       0
       0
       2
       1
       0
       0
       1
       0
       0
       0
       0
       0
       0
       0
       0
       0
       0
       0
       1
       2
       0
       1
       1
       0
       0
       0
       1
       0
       0
       0
       0
       0
       0
       0
       0
       0
       1
       0
       1
       0
       0
       0
       0
       1
       0
       0
       0
       1
       0
       3
       0
       1
       0
       1
       0
       0
       0
       1
       0
       0
       1
       2
       1
       0
       0
       0
       0
       0
       0
       1
       0
       0
       0
       0
       1
       1
       0
       0
       1
       0
       0
       0
       1
       0
       1
       0
       0
       1
       0
       2
       0
       0
       1
       0
       0
       0
       1
       0
       0
       0
       0
       1
       0
       1
       0
       1
       1
       0
       0
       1
       1
       1
       1
       0
       0
       0
       0
       0
       1
       1
       0
       0
       1
       0
       0
       3
       0
       0
       0
       0
       0
       1
       1
       0
       0
       1
       2
       0
       0
       0
       3
       0
       1
       0
       0
       0
       1
       0
       0
       1
       0
       0
       0
       1
       0
       1
       0
       0
       0
       0
       0
       0
       1
       1
       0
       0
       0
       0
       1
       0
       0
       0
       0
       0
       0
       0
       0
       1
       1
       0
       0
       0
       0
       0
       0
       0
       1
       1
       0
       2
       0
       0
       0
       0
       1
       0
       0
       0
       1
       0
       0
       0
       1
       0
       1
       2
       0
       0
       0
       0
       0
       0
       0
       0
       0
       0
       0
       1
       0
       0
       0
       0
       0
       0
       0
       0
       1
       1
       0
       2
       2
       1
       0
       0
       0
       0
       0
       0
       1
       0
       0
       2
       0
       0
       1
       1
       0
       0
       0
       0
       1
       0
       0
       0
       0
       0
       0
       0
       1
       0
       0
       1
       0
       0
       1
       0
       0
       1
       1
       1
       1
       1
       0
       0
       0
       0
       0
       1
       0
       0
       0
       0
       0
       1
       1
       0
       0
       0
       1
       0
       1
       0
       0
       0
       0
       0
       1
       1
       0
       0
       0
       1
       0
       1
       1
       1
       0
       0
       1
       0
       0
       1
       0
       1
       0
       0
       1
       1
       1
       0
       1
       0
       0
       0
       0
       0
       0
       0
       0
       0
       1
       0
       0
       0
       1
       0
       0
       1
       0
       0
       0
       0
       0
       0
       0
       2
       0
       0
       1
       0
       0
       0
       0
       0
       0
       0
       0
       1
       0
       1
       0
       0
       1
       0
       0
       0
       0
       1
       0
       0
       0
       1
       1
       0
       0
       0
       0
       3
       1
       0
       1
       0
       2
       1
       0
       0
       0
       0
       1
       1
       1
       0
       1
       0
       0
       0
       0
       0
       0
       0
       0
       0
       0
       0
       0
       0
       0
       0
       1
       0
       1
       0
       0
       0
       0
       0
       2
       1
       0
       2
       0
       0
       1
       0
       0
       0
       0
       0
       0
       0
       0
       1
       1
       0
       0
       0
       0
       0
       1
       0
       0
       1
       0
       0
       1
       0
       1
       0
       0
       0
       2
       0
       0
       0
       0
       0
       0
       0
       0
       0
       0
       0
       0
       0
       1
       0
       1
       1
       0
       0
       1
       0
       0
       1
       1
       0
       0
       1
       0
       0
       0
       1
       0
       0
       0
       0
       0
       0
       0
       0
       0
       1
       0
       0
       0
       0
       2
       0
       1
       0
       0
       0
       0
       0
       0
       0
       0
       0
       0
       0
       0
       1
       0
       0
       0
       0
       0
       1
       0
       0
       0
       0
       0
       0
       0
       0
       0
       0
       0
       0
       0
       0
       1
       0
       0
       1
       0
       0
       0
       0
       0
       0
       0
       0
       0
       0
       0
       0
       0
       0
       0
       1
       0
       0
       0
       0
       1
       1
       1
       0
       0
       0
       0
       0
       1
       0
       0
       0
       1
       1
       0
       0
       0
       0
       1
       0
       0
       0
       0
       0
       0
       0
       0
       1
       0
       0
       0
       1
       0
       0
       0
       1
       0
       0
       0
       0
       0
       0
       0
       1
       1
       0
       0
       0
       0
       1
       0
       0
       2
       1
       0
       0
       0
       0
       0
       1
       1
       1
       0
       1
       0
       0
       0
       0
       0
       0
       0
       0
       0
       0
       1
       0
       0
       0
       0
       0
       1
       0
       0
       0
       0
       0
       0
       0
       0
       0
       0
       0
       0
       0
       0
       0
       0
       0
       1
       0
       0
       0
       0
       0
       0
       1
       0
       0
       0
       0
       0
       1
       0
       0
       0
       0
       0
       0
       0
       0
       0
       0
       0
       0
       0
       0
       0
       0
       0
       1
       0
       0
       0
       1
       0
       0
       0
       0
       0
       0
       0
       0
       0
       0
       1
       0
       0
       0
       0
       0
       0
       0
       0
       1
       0
       0
       0
       0
       0
       0
       0
       0
       0
       0
       0
       0
       0
       0
       0
       0
       0
       0
       0
       1
       0
       0
       0
       0
       0
       0
       0
       0
       0
       0
       0
       0
       0
       0
       0
       0
       0
       0
       0
       1
       0
       1
       0
       1
       0
       0
       0
       0
       0
       0
       1
       0
       0
       0
       0
       0
       0
       0
       0
       0
       0
       0
       2
       0
       0
       0
       0
       0
       0
       1
       0
       0
       0
       0
       0
       0
       0
       0
       0
       1
       0
       1
       0
       0
       0
       0
       0
       0
       0
       0
       0
       1
       0
       1
       0
       0
       0
       0
       0
       1
       0
       0
       0
       0
       0
       1
       0
       1
       0
       0
       0
       0
       1
       0
       0
       1
       0
       0
       0
       1
       0
       0
       0
       0
       0
       0
       0
       1
       0
       0
       0
       0
       0
       0
       0
       1
       0
       0
       0
       0
       0
       0
       0
       0
       0
       0
       0
       0
       0
       0
       0
       0
       2
       1
       1
       0
       0
       0
       0
       0
       0
       1
       0
       0
       0
       0
       0
       0
       0
       0
       0
       0
       0
       0
       0
       0
       0
       0
       0
       0
       0
       0
       0
       0
       0
       0
       0
       1
       0
       0
       0
       0
       0
       0
       0
       0
       0
       0
       0
       0
       0
       0
       0
       0
       0
       0
       0
       0
       0
       1
       0
       0
       0
       0
       0
       0
       0
       1
       0
       0
       0
       0
       0
       1
       0
       1
       0
       0
       0
       0
       0
       0
       0
       1
       0
       0
       0
       0
       0
       0
       0
       0
       0
       0
       0
       1
       0
       0
       0
       0
       0
       0
       0
       0
       0
       0
       0
       0
       1
       1
       0
       0
       1
       0
       0
       0
       0
       0
       0
       0
       0
       0
       0
       1
       0
       0
       1
       0
       0
       0
       0
       0
       0
       0
       0
       0
       0
       0
       1
       0
       0
       0
       0
       0
       0
       0
       0
       0
       0
       1
       0
       0
       0
       0
       0
       0
       0
       0
       0
       1
       0
       0
       0
       0
       0
       0
       0
       2
       0
       0
       0
       0
       0
       0
       0
       0
       1
       1
       0
       1
       0
       0
       0
       0
       2
       0
       0
       0
       0
       0
       0
       0
       0
       1
       0
       0
       1
       0
       0
       0
       0
       0
       0
       0
       0
       0
       0
       1
       1
       0
       1
       0
       0
       0
       0
       0
       0
       1
       0
       0
       0
       0
       0
       0
       0
       0
       0
       0
       0
       0
       0
       0
       0
       0
       1
       1
       0
       0
       0
       0
       0
       0
       0
       0
       0
       0
       0
       0
       0
       0
       0
       0
       0
       0
       0
       0
       0
       0
       0
       0
       0
       0
       1
       0
       0
       0
       0
       0
       0
       0
       1
       0
       0
       0
       0
       0
       0
       0
       0
       0
       0
       1
       0
       0
       0
       0
       0
       1
       0
       0
       0
       0
       0
       0
       0
       0
       0
       0
       0
       0
       0
       0
       0
       0
       0
       0
       0
       0
       0
       1
       0
       1
       0
       0
       1
       0
       0
       0
       0
       0
       0
       0
       0
       0
       0
       0
       0
       0
       0
       0
       0
       0
       0
       0
       0
       0
       0
       0
       0
       0
       0
       0
       0
       0
       0
       0
       0
       0
       0
       0
       1
       0
       0
       0
       0
       1
       0
       0
       0
       0
       0
       0
       0
       0
       0
       0
       0
       0
       0
       0
       0
       0
       0
       0
       0
       1
       0
       0
       0
       0
       0
       0
       1
       0
       0
       0
       1
       0
       0
       0
       0
       0
       0
       0
       1
       1
       0
       0
       1
       0
       0
       0
       0
       0
       0
       0
       0
       0
       0
       0
       1
       0
       0
       0
       0
       1
       0
       0
       0
       0
       1
       0
       0
       0
       0
       0
       0
       0
       0
       0
       0
       0
       0
       0
       0
       1
       0
       0
       0
       0
       0
       1
       0
       0
       0
       0
       0
       0
       0
       0
       0
       0
       0
       0
       0
       0
       0
       0
       0
       0
       1
       0
       0
       0
       0
       0
       0
       0
       0
       0
       0
       0
       0
       0
       0
       0
       0
       0
       0
       0
       0
       0
       0
       0
       0
       0
       0
       0
       0
       0
       0
       0
       0
       0
       0
       0
       0
       0
       0
       0
       0
       0
       0
       0
       0
       0
       2
       0
       0
       0
       0
       0
       0
       0
       0
       0
       0
       0
       0
       0
       0
       0
       0
       0
       0
       0
       0
       0
       0
       0
       0
       1
       0
       0
       0
       0
       0
       0
       0
       0
       0
       0
       0
       0
       0
       0
       1
       0
       0
       0
       0
       0
       0
       0
       0
       1
       0
       0
       0
       0
       0
       0
       0
       0
       0
       0
       0
       1
       0
       0
       0
       0
       0
       0
       0
       0
       0
       0
       1
       1
       0
       0
       1
       0
       0
       0
       0
       0
       0
       0
       0
       0
       0
       0
       0
       0
       0
       0
       0
       1
       0
       1
       0
       0
       0
       0
       0
       0
       0
       0
       0
       0
       0
       0
       0
       0
       1
       0
       0
       0
       0
       0
       1
       1
       1
       0
       1
       0
       0
       0
       0
       0
       1
       0
       0
       0
       0
       0
       1
       1
       0
       0
       0
       0
       0
       0
       0
       0
       0
       0
       0
       0
       0
       0
       0
       1
       0
       0
       0
       0
       0
       0
       0
       0
       0
       0
       0
       0
       0
       0
       0
       0
       0
       0
       0
       0
       0
       0
       0
       0
       0
       0
       0
       0
       0
       1
       0
       0
       0
       0
       0
       0
       0
       0
       0
       0
       0
       0
       1
       0
       0
       0
       0
       0
       0
       0
       0
       0
       0
       0
       0
       0
       0
       0
       0
       0
       1
       0
       0
       1
       0
       0
       0
       0
       0
       1
       0
       0
       0
       0
       0
       0
       1
       1
       0
       0
       0
       0
       0
       0
       0
       1
       0
       0
       0
       1
       1
       0
       0
       0
       2
       0
       0
       0
       0
       1
       0
       0
       0
       1
       0
       1
       0
       1
       0
       0
       0
       0
       0
       0
       1
       0
       0
       0
       0
       1
       0
       0
       0
       1
       0
       1
       0
       1
       1
       0
       0
       0
       0
       0
       1
       0
       0
       0
       0
       0
       0
       1
       0
       1
       0
       0
       0
       0
       1
       1
       1
       1
       0
       0
       0
       1
       0
       0
       1
       0
       0
       0
       2
       0
       0
       0
       1
       0
       1
       1
       0
       1
       1
       0
       0
       0
       0
       0
       1
       1
       0
       0
       1
       0
       0
       1
       2
       0
       0
       0
       0
       2
       1
       1
       1
       1
       1
       1
       0
       1
       0
       1
       1
       0
       1
       0
       1
       0
       0
       1
       0
       3
       0
       0
       3
       2
       0
       1
       0
       2
       2
       1
       0
       0
       1
       2
       0
       1
       1
       2
       0
       3
       0
       1
       1
       3
       2
       6
       3
       4
       5
       3
       3
       1
       0
       0
       0
       0
       0
       0
       0
       0
       0
       0
       0
       0
       0
       0
       0
       0
       0
       0
       0
       0
       0
       0
       0
       0
       0
       0
       0
       0
       0
       0
       0
       0
       0
       0
       0
       0
       0
       0
       0
       0
       0
       0
       0
       0
       0
       0
       0
       0
       0
       0
       0
       0
       0
       0
       0
       0
       0
       0
       0
       0
       0
       0
       0
       0
       0
       0
       0
       0
       0
       0
       0
       0
       0
       0
       0
       0
       0
       0
       0
       0
       0
       0
       0
       0
       0
       0
       0
       0
       0
       0
       0
       0
       0
       0
       0
       0
       0
       0
       0
       0
       0
       0
       0
       0
       0
       0
       0
       0
       0
       0
       0
       0
       0
       0
       0
       0
       0
       0
       0
       0
       0
       0
       0
       0
       0
       0
       0
       0
       0
       0
       0
       0
       0
       0
       0
       0
       0
       0
       0
       0
       0
       0
       0
       0
       0
       0
       0
       0
       0
       0
       0
       0
       0
       0
       0
       0
       0
       0
       0
       0
       0
       0
       0
       0
       0
       0
       0
       0
       0
       0
       0
       0
       0
       0
       0
       0
       0
       0
       0
       0
       0
       0
       0
       0
       0
       0
       0
       0
       0
       0
       0
       0
       0
       0
       0
       0
       0
       0
       0
       0
       0
       0
       0
       0
       0
       0
       0
       0
       0
       0
       0
       0
       0
       0
       0
       0
       0
       0
       0
       0
       0
       0
       0
       0
       0
       0
       0
       0
       0
       0
       0
       0
       0
       0
       0
       0
       0
       0
       0
       0
       0
       0
       0
       0
       0
       0
       0
       0
       0
       0
       0
       0
       0
       0
       0
       0
       0
       0
       0
       0
       0
       0
       0
       0
       0
       0
       0
       0
       0
       0
       0
       0
       0
       0
       0
       0
       0
       0
       0
       0
       0
       0
       0
       0
       0
       0
       0
       0
       0
       0
       0
       0
       0
       0
       0
       0
       0
       0
       0
       0
       0
       0
       0
       0
       0
       0
       0
       0
       0
       0
       0
       0
       0
       0
       0
       0
       0
       0
       0
       0
       0
       0
       0
       0
       0
       0
       0
       0
       0
       0
       0
       0
       0
       0
       0
       0
       0
       0
       0
       0
       0
       0
       0
       0
       0
       0
       0
       0
       0
       0
       0
       0
       0
       0
       0
       0
       0
       0
       0
       0
       0
       0
       0
       0
       0
       0
       0
       0
       0
       0
       0
       0
       0
       0
       0
       0
       0
       0
       0
       0
       0
       0
       0
       0
       0
       0
       0
       0
       0
       0
       0
       0
       0
       0
       0
       0
       0
       0
       0
       0
       0
$ROI:
3
5 213
215 1972
4034 4072
$PRESETS:
None
0
0
$ENER_FIT:
0.000000 0.000000
$MCA_CAL:
3
0.000000E+000 0.000000E+000 0.000000E+000 
$SHAPE_CAL:
3
0.000000E+000 0.000000E+000 0.000000E+000
