$SPEC_ID:
Silicon
$SPEC_REM:
DET# 3
DETDESC# 78-GP-NB0025 Model 928 SN 15355078
AP# Maestro Version 7.01
$DATE_MEA:
03/14/2024 22:49:32
$MEAS_TIM:
520 591
$DATA:
0 4095
       0
       0
       0
       0
       0
       0
       0
       0
       0
       0
       1
   67019
 3745489
 2017907
 1093270
  977754
  860731
  689329
  527391
  421635
  353916
  304406
  260430
  224351
  195250
  168036
  146681
  127256
  111861
   98243
   86987
   76366
   67414
   59261
   53071
   46577
   41376
   36613
   32264
   28602
   25265
   22361
   19516
   16940
   14996
   13337
   11435
    9830
    8712
    7700
    6859
    5937
    5145
    4538
    3997
    3595
    3128
    2560
    2439
    2092
    1932
    1799
    1519
    1295
    1246
    1091
     954
     919
     776
     799
     733
     672
     607
     575
     506
     505
     477
     435
     451
     406
     386
     369
     374
     372
     336
     336
     292
     286
     288
     279
     248
     257
     244
     216
     228
     211
     236
     220
     210
     228
     225
     202
     187
     209
     166
     193
     185
     176
     181
     188
     165
     156
     149
     151
     160
     135
     139
     122
     149
     104
     138
     130
     121
     122
     109
     115
     111
      91
      99
     110
     104
     124
     110
     115
     104
      82
      93
      97
      86
      93
     100
      83
      91
      78
      94
      92
      75
      88
      77
      76
      82
      76
      70
      70
      85
      80
      93
      70
      60
      61
      81
      62
      70
      60
      69
      58
      78
      87
      73
      54
      53
      77
      57
      51
      50
      37
      51
      57
      36
      61
      61
      45
      56
      51
      39
      58
      42
      56
      58
      37
      51
      58
      39
      42
      38
      51
      46
      38
      44
      38
      34
      38
      38
      36
      43
      46
      37
      31
      51
      39
      29
      38
      27
      29
      35
      35
      42
      34
      33
      33
      33
      25
      29
      39
      39
      22
      31
      27
      27
      29
      26
      29
      20
      27
      25
      27
      30
      27
      34
      29
      31
      23
      29
      27
      25
      19
      33
      24
      32
      38
      20
      35
      28
      27
      31
      27
      25
      25
      26
      18
      24
      19
      29
      20
      20
      20
      17
      21
      17
      25
      27
      18
      24
      26
      26
      30
      19
      26
      21
      25
      13
      13
      17
      18
      15
      19
      20
      19
      22
      18
      21
      20
      18
      21
      21
      23
      19
      23
      20
      15
      14
      24
      14
      13
      19
      12
      24
      15
      14
      16
       8
      20
      22
      12
      11
      16
      14
      14
      12
      18
      10
      12
      12
      14
      11
      10
      19
      15
      12
      12
      16
      15
      15
      12
      11
      14
      16
      11
      17
      14
      10
      17
      14
      11
      14
       8
      10
       8
      17
      11
       9
      14
       8
       9
      11
      10
      13
      18
      12
      15
      12
      13
      19
      14
      12
      11
       7
      11
      15
      10
      19
       9
      11
      13
       9
       8
      12
       9
      15
       8
      10
      11
       9
      11
      10
      10
      13
       9
       6
      14
      11
       7
       4
      11
       7
      11
      15
      12
       5
      12
       7
      15
      11
      12
       8
       8
       9
      12
       4
       5
      11
       5
       9
       7
       8
       5
       7
       8
       7
       5
       7
       8
       6
       8
      10
       7
      13
       7
       8
       4
      12
       9
      11
       5
       9
      13
       8
      12
       7
      12
       4
       7
       9
      11
       8
       7
       6
       7
       7
       4
      10
       8
       6
       6
       7
       8
       6
       5
       8
      13
       9
       8
       1
       7
       2
      10
       6
       3
      11
       5
       5
       6
       4
      10
      11
       5
       7
       5
      10
       7
       4
       6
       8
       1
       3
       8
       3
       5
       5
      10
       6
       6
      10
       4
       7
       3
       3
       9
       7
       5
       7
       7
       4
      10
       6
       8
       6
       4
       7
       9
       3
       6
       5
       4
       4
       7
       9
       9
       4
       4
      10
      10
       3
       2
       5
       7
       4
       7
       6
       4
       8
       7
       7
       6
       4
       6
       6
       2
      10
       2
       5
       4
       5
       6
       2
       5
       5
       3
       6
       4
       3
       3
       5
       8
       8
       6
       4
       6
       7
      10
       6
       3
       5
       8
       5
       2
       6
       5
       6
       6
       3
       8
       7
       3
       4
       6
       2
       6
       6
       6
       5
       1
       0
       2
       4
       0
       2
       2
       3
       2
       2
       4
       5
       4
       4
       4
       3
       3
       5
       4
       7
       6
       3
       2
       4
       6
       3
       1
       6
       3
       4
       5
       5
       4
       6
       5
       3
       1
       4
       4
       3
       2
       4
       5
       3
       6
       3
       3
       2
       2
       2
       3
       4
       7
       5
       2
       2
       4
       2
       4
       3
       4
       5
       7
       4
       4
       5
       5
       4
       3
       3
       1
       6
       1
       2
       1
       6
       7
       4
       5
       2
       5
       2
       3
       5
       4
       4
       3
       1
       4
       5
       4
       3
       5
       2
       6
       4
       3
       1
       3
       2
       5
       3
       3
       3
       0
       1
       1
       4
       6
       2
       2
       2
       4
       4
       1
       1
       2
       4
       5
       2
       1
       1
       4
       3
       1
       6
       3
       1
       3
       1
       2
       4
       4
       3
       1
       2
       4
       1
       1
       2
       4
       1
       2
       7
       3
       2
       3
       5
       2
       1
       2
       1
       4
       5
       2
       4
       1
       6
       2
       1
       3
       6
       3
       0
       6
       4
       3
       4
       2
       2
       4
       0
       0
       5
       2
       1
       1
       3
       1
      10
       5
       2
       1
       5
       3
       3
       7
       4
       2
       3
       3
       0
       1
       2
       2
       2
       1
       6
       3
       0
       1
       2
       2
       1
       3
       0
       2
       2
       4
       2
       6
       2
       2
       4
       2
       1
       3
       3
       1
       5
       1
       2
       4
       5
       4
       0
       1
       2
       2
       1
       0
       2
       3
       4
       3
       1
       2
       2
       2
       1
       5
       2
       3
       1
       0
       4
       1
       3
       1
       4
       1
       2
       1
       2
       1
       1
       1
       3
       2
       1
       3
       0
       3
       2
       1
       2
       3
       2
       2
       1
       1
       1
       2
       1
       2
       0
       1
       1
       4
       1
       1
       0
       3
       1
       1
       1
       3
       0
       1
       1
       0
       1
       3
       0
       2
       1
       1
       0
       1
       4
       1
       5
       1
       1
       1
       2
       2
       3
       2
       2
       2
       3
       2
       0
       2
       0
       8
       0
       2
       4
       1
       0
       4
       1
       4
       3
       0
       2
       1
       3
       1
       2
       1
       1
       1
       1
       0
       2
       1
       0
       0
       0
       0
       2
       2
       2
       0
       0
       1
       1
       2
       0
       0
       1
       2
       3
       0
       2
       1
       2
       3
       5
       1
       1
       3
       2
       5
       0
       5
       1
       1
       2
       1
       2
       0
       1
       1
       0
       3
       1
       1
       0
       1
       1
       1
       2
       0
       1
       2
       2
       1
       1
       0
       4
       0
       4
       1
       0
       3
       2
       4
       3
       1
       1
       0
       2
       3
       1
       2
       2
       0
       2
       3
       1
       1
       0
       0
       3
       0
       1
       1
       1
       4
       0
       2
       1
       0
       0
       1
       3
       0
       0
       2
       0
       0
       0
       2
       0
       0
       1
       0
       3
       1
       1
       2
       3
       2
       0
       1
       1
       0
       2
       2
       2
       0
       1
       0
       0
       0
       0
       0
       0
       1
       0
       1
       0
       0
       0
       4
       2
       2
       1
       0
       0
       0
       1
       1
       2
       3
       1
       1
       1
       0
       1
       1
       1
       0
       0
       1
       1
       1
       0
       3
       1
       1
       1
       1
       1
       0
       0
       2
       1
       1
       1
       1
       0
       1
       1
       1
       1
       1
       2
       3
       1
       0
       0
       1
       0
       0
       2
       1
       2
       0
       1
       0
       0
       0
       2
       1
       1
       0
       1
       0
       1
       1
       0
       0
       0
       0
       1
       0
       2
       0
       1
       0
       2
       1
       1
       1
       1
       0
       0
       1
       0
       1
       1
       2
       0
       1
       3
       1
       1
       1
       0
       0
       0
       1
       2
       1
       1
       0
       1
       0
       0
       0
       2
       1
       1
       0
       1
       1
       2
       0
       1
       0
       0
       0
       3
       1
       0
       0
       2
       1
       2
       1
       2
       1
       0
       1
       0
       1
       2
       3
       0
       0
       0
       2
       1
       1
       0
       1
       0
       0
       2
       0
       0
       0
       0
       0
       1
       1
       1
       2
       1
       0
       0
       1
       0
       2
       0
       0
       1
       2
       1
       1
       0
       2
       1
       2
       1
       2
       0
       1
       1
       1
       1
       0
       1
       0
       1
       4
       3
       0
       1
       0
       0
       1
       1
       0
       1
       0
       1
       3
       1
       2
       0
       0
       0
       1
       0
       0
       1
       0
       1
       0
       0
       1
       1
       0
       1
       0
       0
       1
       0
       1
       0
       1
       1
       0
       1
       0
       1
       1
       1
       0
       1
       1
       0
       2
       0
       1
       0
       1
       0
       1
       0
       1
       0
       0
       0
       1
       2
       2
       1
       2
       1
       0
       0
       0
       0
       1
       0
       2
       1
       3
       1
       2
       1
       0
       1
       0
       0
       0
       1
       0
       2
       1
       1
       0
       0
       0
       1
       1
       0
       0
       0
       0
       0
       3
       0
       0
       1
       0
       1
       0
       0
       1
       1
       2
       0
       1
       0
       0
       0
       2
       1
       2
       1
       2
       0
       0
       0
       1
       1
       1
       0
       1
       0
       0
       0
       2
       0
       1
       1
       2
       2
       1
       3
       0
       0
       0
       0
       1
       0
       0
       1
       0
       2
       1
       1
       1
       1
       0
       1
       0
       1
       2
       0
       1
       0
       2
       1
       2
       0
       0
       1
       2
       1
       1
       0
       1
       0
       0
       0
       1
       0
       1
       0
       0
       0
       0
       1
       0
       1
       0
       0
       1
       0
       0
       1
       2
       1
       0
       0
       2
       0
       1
       1
       1
       0
       2
       0
       0
       1
       2
       0
       0
       0
       0
       0
       1
       0
       1
       0
       1
       0
       0
       0
       1
       0
       1
       1
       1
       1
       0
       1
       2
       1
       1
       0
       0
       0
       2
       0
       0
       0
       0
       0
       0
       0
       1
       0
       2
       3
       1
       0
       1
       1
       0
       1
       1
       1
       0
       2
       1
       0
       4
       3
       1
       0
       0
       1
       1
       0
       1
       0
       1
       1
       0
       1
       1
       2
       1
       4
       0
       1
       1
       0
       2
       2
       0
       0
       1
       0
       0
       2
       0
       1
       0
       2
       0
       0
       0
       2
       1
       1
       1
       0
       0
       0
       0
       0
       1
       0
       0
       0
       0
       1
       1
       0
       1
       2
       0
       0
       1
       0
       0
       0
       1
       1
       0
       1
       1
       1
       0
       0
       0
       0
       0
       2
       2
       2
       1
       0
       0
       0
       1
       1
       0
       1
       0
       1
       1
       2
       1
       0
       1
       0
       2
       0
       0
       1
       0
       0
       0
       1
       1
       0
       0
       1
       0
       0
       0
       0
       0
       1
       1
       0
       0
       0
       0
       0
       0
       1
       1
       0
       0
       0
       2
       1
       4
       0
       0
       1
       1
       0
       1
       2
       0
       1
       0
       0
       0
       0
       0
       0
       1
       1
       2
       0
       0
       0
       1
       2
       1
       0
       1
       0
       1
       2
       1
       1
       0
       0
       3
       1
       1
       1
       0
       4
       0
       0
       0
       0
       1
       0
       0
       1
       1
       0
       0
       0
       0
       0
       0
       2
       0
       2
       0
       0
       1
       0
       1
       0
       0
       0
       0
       0
       0
       0
       0
       0
       1
       0
       2
       0
       1
       0
       1
       2
       2
       0
       0
       0
       0
       0
       0
       0
       2
       0
       1
       0
       0
       0
       3
       1
       2
       1
       1
       1
       1
       0
       0
       0
       0
       0
       0
       0
       0
       0
       0
       0
       1
       0
       0
       0
       0
       1
       1
       0
       1
       0
       0
       0
       0
       1
       1
       1
       0
       0
       0
       0
       0
       1
       0
       1
       0
       1
       0
       0
       1
       0
       2
       0
       0
       0
       0
       1
       0
       0
       0
       0
       1
       1
       0
       1
       0
       0
       0
       1
       0
       0
       0
       0
       0
       0
       1
       0
       1
       2
       3
       0
       0
       0
       0
       0
       0
       0
       0
       0
       0
       1
       0
       0
       1
       1
       0
       0
       1
       0
       0
       1
       0
       0
       1
       0
       0
       0
       0
       0
       0
       0
       0
       0
       0
       0
       0
       0
       0
       0
       0
       1
       0
       0
       0
       0
       0
       0
       1
       2
       1
       0
       0
       2
       0
       0
       1
       0
       0
       1
       0
       0
       1
       1
       1
       0
       1
       1
       0
       1
       0
       0
       0
       0
       0
       0
       0
       0
       0
       0
       0
       1
       1
       0
       0
       1
       0
       0
       0
       1
       0
       0
       0
       0
       1
       3
       0
       0
       0
       1
       0
       0
       2
       0
       0
       0
       1
       0
       1
       1
       0
       1
       0
       1
       0
       1
       0
       0
       0
       0
       0
       2
       1
       0
       0
       0
       1
       0
       1
       0
       0
       0
       0
       2
       0
       0
       0
       0
       0
       2
       0
       1
       1
       0
       0
       0
       0
       0
       0
       2
       0
       0
       0
       0
       0
       1
       0
       1
       1
       0
       0
       2
       0
       0
       0
       1
       0
       0
       1
       0
       0
       0
       0
       0
       1
       0
       0
       0
       0
       0
       1
       0
       2
       0
       2
       1
       0
       0
       0
       0
       1
       0
       0
       0
       1
       0
       1
       0
       0
       0
       0
       1
       0
       1
       0
       0
       0
       0
       1
       0
       1
       0
       0
       0
       0
       0
       1
       0
       0
       0
       0
       1
       2
       1
       0
       0
       0
       0
       1
       0
       0
       1
       0
       0
       0
       1
       0
       0
       0
       0
       1
       0
       1
       0
       0
       3
       0
       0
       2
       0
       0
       1
       0
       0
       0
       0
       2
       0
       0
       0
       0
       0
       0
       0
       0
       0
       0
       1
       0
       0
       1
       0
       0
       1
       1
       1
       0
       0
       0
       0
       0
       2
       0
       0
       1
       0
       0
       0
       1
       0
       0
       0
       0
       0
       0
       2
       0
       0
       0
       0
       2
       0
       0
       0
       0
       0
       1
       0
       1
       0
       1
       0
       0
       2
       0
       1
       0
       0
       0
       0
       0
       2
       0
       1
       0
       1
       0
       0
       1
       0
       1
       1
       0
       0
       1
       0
       0
       0
       0
       1
       0
       0
       1
       1
       0
       0
       1
       0
       0
       1
       0
       0
       0
       0
       0
       0
       0
       0
       0
       0
       0
       1
       0
       0
       0
       2
       0
       1
       1
       0
       0
       0
       1
       0
       0
       1
       0
       1
       0
       1
       0
       0
       0
       0
       1
       0
       0
       0
       0
       1
       0
       1
       0
       0
       0
       0
       1
       0
       1
       1
       0
       1
       1
       1
       0
       0
       0
       1
       0
       0
       0
       0
       0
       0
       1
       0
       0
       1
       0
       2
       1
       0
       0
       0
       0
       0
       0
       0
       1
       1
       0
       0
       0
       0
       0
       0
       0
       0
       0
       1
       0
       0
       1
       0
       0
       0
       0
       0
       0
       0
       0
       0
       0
       0
       0
       1
       0
       0
       0
       0
       1
       0
       0
       1
       0
       1
       4
       0
       0
       0
       0
       1
       1
       0
       0
       0
       0
       0
       0
       2
       0
       0
       1
       0
       0
       0
       0
       1
       0
       0
       0
       0
       0
       1
       0
       0
       1
       0
       0
       0
       0
       0
       0
       0
       1
       1
       0
       0
       0
       0
       0
       0
       0
       0
       0
       0
       1
       0
       1
       0
       0
       0
       0
       0
       0
       0
       0
       0
       0
       0
       0
       0
       0
       2
       0
       0
       1
       0
       0
       0
       1
       0
       1
       1
       0
       0
       1
       2
       0
       0
       0
       1
       0
       0
       0
       0
       0
       1
       0
       0
       0
       0
       0
       1
       0
       0
       0
       0
       1
       0
       1
       0
       0
       0
       1
       0
       0
       0
       0
       1
       1
       0
       0
       1
       0
       0
       0
       1
       0
       0
       0
       0
       0
       0
       0
       1
       0
       0
       0
       0
       0
       0
       0
       0
       0
       0
       0
       0
       1
       0
       0
       0
       0
       0
       1
       1
       0
       0
       0
       1
       0
       0
       0
       0
       0
       0
       0
       0
       0
       0
       0
       0
       0
       0
       0
       0
       0
       0
       0
       0
       0
       0
       1
       0
       0
       0
       0
       1
       0
       0
       0
       0
       0
       2
       0
       0
       0
       0
       0
       0
       0
       2
       0
       0
       0
       0
       0
       0
       0
       0
       0
       0
       0
       1
       0
       0
       0
       0
       2
       0
       1
       0
       0
       0
       0
       0
       0
       0
       0
       0
       0
       0
       0
       0
       0
       1
       0
       0
       1
       0
       0
       1
       1
       0
       0
       1
       0
       0
       0
       0
       1
       0
       0
       0
       0
       0
       1
       0
       0
       0
       0
       0
       0
       0
       0
       0
       1
       0
       0
       0
       1
       0
       0
       1
       0
       0
       1
       1
       1
       0
       0
       1
       0
       0
       0
       0
       1
       0
       0
       0
       0
       0
       0
       0
       0
       0
       0
       0
       0
       0
       0
       0
       0
       1
       0
       0
       1
       0
       0
       1
       0
       0
       0
       0
       0
       0
       1
       0
       0
       0
       0
       0
       0
       0
       0
       0
       0
       0
       1
       0
       0
       0
       0
       0
       0
       0
       0
       0
       0
       0
       0
       0
       0
       0
       0
       0
       0
       0
       0
       0
       0
       0
       0
       0
       0
       0
       0
       0
       0
       1
       0
       0
       0
       0
       0
       0
       0
       0
       0
       0
       0
       0
       0
       0
       0
       0
       0
       0
       0
       0
       0
       0
       0
       1
       0
       0
       1
       0
       0
       0
       0
       0
       0
       0
       1
       0
       0
       0
       0
       0
       1
       0
       0
       0
       0
       0
       1
       1
       0
       0
       0
       0
       1
       0
       0
       0
       0
       0
       0
       0
       0
       0
       0
       2
       0
       0
       0
       0
       0
       0
       0
       0
       0
       0
       0
       0
       0
       0
       0
       0
       0
       0
       0
       0
       0
       0
       0
       0
       1
       1
       0
       0
       0
       0
       0
       1
       0
       0
       0
       0
       1
       1
       0
       0
       0
       0
       0
       0
       1
       0
       0
       1
       0
       0
       1
       0
       0
       0
       1
       0
       0
       0
       0
       0
       0
       0
       0
       0
       0
       0
       0
       0
       0
       0
       0
       0
       0
       0
       0
       0
       0
       0
       0
       0
       0
       0
       0
       0
       0
       0
       0
       1
       0
       0
       0
       1
       0
       0
       0
       0
       0
       0
       0
       0
       0
       0
       0
       0
       1
       0
       0
       0
       0
       0
       0
       0
       0
       0
       0
       0
       0
       1
       0
       0
       0
       0
       0
       0
       0
       1
       1
       0
       0
       0
       0
       0
       1
       0
       0
       0
       0
       0
       0
       0
       0
       0
       0
       0
       0
       0
       0
       0
       0
       0
       0
       0
       0
       0
       0
       0
       0
       0
       1
       0
       0
       0
       0
       0
       0
       0
       0
       0
       0
       0
       0
       0
       0
       0
       0
       0
       0
       0
       0
       0
       0
       0
       0
       0
       0
       0
       0
       0
       0
       1
       0
       0
       0
       1
       0
       0
       0
       0
       0
       0
       0
       1
       0
       0
       0
       0
       0
       0
       0
       0
       0
       0
       0
       0
       1
       0
       0
       0
       0
       0
       0
       0
       1
       0
       0
       0
       0
       0
       0
       0
       0
       1
       1
       0
       0
       0
       0
       0
       1
       1
       0
       0
       0
       0
       0
       0
       0
       0
       1
       0
       0
       1
       0
       0
       0
       0
       2
       0
       0
       0
       1
       1
       1
       1
       0
       0
       0
       0
       0
       0
       0
       0
       0
       0
       0
       0
       0
       0
       0
       0
       0
       0
       0
       0
       0
       0
       0
       0
       0
       0
       0
       1
       0
       0
       0
       2
       1
       0
       0
       0
       0
       0
       0
       0
       1
       0
       0
       0
       0
       0
       0
       0
       0
       0
       0
       0
       0
       0
       0
       0
       0
       0
       0
       0
       0
       0
       0
       0
       1
       1
       0
       0
       0
       0
       0
       1
       1
       1
       0
       0
       0
       0
       0
       1
       1
       0
       0
       0
       0
       0
       0
       1
       0
       0
       0
       0
       0
       0
       0
       0
       0
       0
       0
       0
       0
       0
       0
       0
       0
       0
       0
       0
       0
       0
       0
       0
       0
       0
       1
       0
       0
       0
       0
       0
       0
       0
       0
       1
       0
       0
       0
       1
       0
       0
       1
       0
       0
       1
       0
       0
       0
       0
       0
       0
       0
       1
       0
       0
       0
       0
       0
       1
       0
       0
       0
       0
       0
       0
       0
       0
       0
       0
       0
       0
       0
       0
       0
       0
       0
       0
       0
       0
       0
       0
       0
       0
       1
       0
       2
       1
       0
       0
       0
       0
       0
       0
       0
       0
       0
       0
       0
       0
       0
       0
       0
       0
       1
       0
       0
       0
       0
       0
       0
       0
       0
       0
       0
       0
       0
       0
       1
       0
       0
       0
       0
       0
       0
       0
       0
       0
       0
       0
       0
       0
       0
       0
       0
       0
       0
       0
       0
       0
       0
       0
       0
       0
       0
       0
       0
       0
       0
       0
       0
       0
       1
       0
       0
       0
       0
       0
       0
       1
       0
       0
       0
       0
       0
       0
       0
       0
       0
       0
       0
       0
       0
       0
       0
       0
       1
       0
       0
       0
       0
       0
       0
       0
       0
       0
       0
       0
       0
       0
       1
       0
       0
       1
       0
       0
       0
       1
       0
       0
       0
       0
       0
       0
       0
       0
       0
       0
       0
       0
       1
       0
       0
       0
       0
       0
       0
       0
       1
       0
       0
       0
       0
       0
       0
       0
       0
       0
       0
       0
       0
       0
       0
       1
       0
       1
       0
       0
       0
       0
       0
       0
       0
       0
       0
       0
       1
       0
       0
       0
       0
       1
       0
       0
       0
       1
       0
       0
       0
       0
       0
       0
       0
       0
       0
       1
       0
       0
       0
       0
       0
       0
       0
       0
       0
       0
       0
       0
       0
       0
       0
       0
       0
       0
       0
       0
       0
       0
       0
       0
       0
       1
       0
       0
       0
       0
       0
       0
       0
       1
       0
       0
       0
       0
       0
       0
       1
       0
       0
       1
       0
       0
       0
       0
       0
       0
       0
       1
       0
       0
       0
       0
       1
       0
       0
       0
       0
       0
       0
       0
       0
       0
       0
       1
       0
       0
       1
       0
       0
       0
       0
       0
       0
       0
       0
       0
       0
       0
       0
       0
       0
       0
       0
       1
       0
       0
       0
       0
       1
       0
       0
       0
       0
       0
       0
       0
       1
       0
       0
       0
       0
       1
       0
       0
       1
       0
       0
       0
       0
       0
       0
       0
       0
       0
       0
       0
       0
       0
       0
       0
       0
       0
       1
       0
       0
       0
       0
       1
       0
       0
       0
       0
       0
       0
       0
       0
       0
       0
       0
       0
       0
       1
       0
       1
       0
       0
       0
       0
       0
       0
       0
       0
       0
       0
       0
       0
       0
       0
       0
       0
       0
       0
       0
       0
       1
       0
       0
       0
       0
       2
       0
       0
       0
       0
       0
       0
       0
       0
       1
       1
       0
       0
       0
       0
       0
       0
       0
       0
       0
       0
       0
       1
       0
       0
       0
       0
       0
       1
       1
       0
       0
       0
       1
       0
       0
       1
       0
       0
       1
       0
       0
       0
       0
       0
       0
       0
       0
       0
       0
       1
       0
       0
       0
       0
       0
       0
       0
       1
       0
       0
       1
       0
       0
       0
       0
       0
       0
       0
       0
       0
       0
       0
       0
       1
       0
       0
       0
       0
       0
       0
       0
       0
       0
       0
       0
       0
       0
       0
       0
       1
       0
       0
       0
       0
       0
       0
       0
       0
       0
       0
       0
       0
       0
       0
       0
       0
       0
       0
       0
       0
       0
       0
       0
       0
       0
       0
       0
       0
       0
       1
       2
       0
       0
       0
       0
       0
       1
       0
       0
       0
       1
       0
       0
       0
       1
       0
       0
       0
       0
       1
       0
       0
       0
       0
       0
       1
       0
       0
       0
       1
       0
       0
       0
       0
       1
       0
       0
       0
       0
       1
       0
       0
       1
       0
       1
       1
       1
       0
       2
       2
       1
       0
       0
       2
       0
       0
       1
       3
       0
       0
       0
       2
       0
       2
       0
       1
       0
       1
       0
       0
       0
       4
       2
       0
       0
       2
       0
       1
       0
       0
       2
       3
       2
       3
       0
       2
       2
       0
       2
       3
       3
       4
       2
       6
       3
       4
       4
       2
       0
       0
       0
       0
       0
       0
       0
       0
       0
       0
       0
       0
       0
       0
       0
       0
       0
       0
       0
       0
       0
       0
       0
       0
       0
       0
       0
       0
       0
       0
       0
       0
       0
       0
       0
       0
       0
       0
       0
       0
       0
       0
       0
       0
       0
       0
       0
       0
       0
       0
       0
       0
       0
       0
       0
       0
       0
       0
       0
       0
       0
       0
       0
       0
       0
       0
       0
       0
       0
       0
       0
       0
       0
       0
       0
       0
       0
       0
       0
       0
       0
       0
       0
       0
       0
       0
       0
       0
       0
       0
       0
       0
       0
       0
       0
       0
       0
       0
       0
       0
       0
       0
       0
       0
       0
       0
       0
       0
       0
       0
       0
       0
       0
       0
       0
       0
       0
       0
       0
       0
       0
       0
       0
       0
       0
       0
       0
       0
       0
       0
       0
       0
       0
       0
       0
       0
       0
       0
       0
       0
       0
       0
       0
       0
       0
       0
       0
       0
       0
       0
       0
       0
       0
       0
       0
       0
       0
       0
       0
       0
       0
       0
       0
       0
       0
       0
       0
       0
       0
       0
       0
       0
       0
       0
       0
       0
       0
       0
       0
       0
       0
       0
       0
       0
       0
       0
       0
       0
       0
       0
       0
       0
       0
       0
       0
       0
       0
       0
       0
       0
       0
       0
       0
       0
       0
       0
       0
       0
       0
       0
       0
       0
       0
       0
       0
       0
       0
       0
       0
       0
       0
       0
       0
       0
       0
       0
       0
       0
       0
       0
       0
       0
       0
       0
       0
       0
       0
       0
       0
       0
       0
       0
       0
       0
       0
       0
       0
       0
       0
       0
       0
       0
       0
       0
       0
       0
       0
       0
       0
       0
       0
       0
       0
       0
       0
       0
       0
       0
       0
       0
       0
       0
       0
       0
       0
       0
       0
       0
       0
       0
       0
       0
       0
       0
       0
       0
       0
       0
       0
       0
       0
       0
       0
       0
       0
       0
       0
       0
       0
       0
       0
       0
       0
       0
       0
       0
       0
       0
       0
       0
       0
       0
       0
       0
       0
       0
       0
       0
       0
       0
       0
       0
       0
       0
       0
       0
       0
       0
       0
       0
       0
       0
       0
       0
       0
       0
       0
       0
       0
       0
       0
       0
       0
       0
       0
       0
       0
       0
       0
       0
       0
       0
       0
       0
       0
       0
       0
       0
       0
       0
       0
       0
       0
       0
       0
       0
       0
       0
       0
       0
       0
       0
       0
       0
       0
       0
       0
       0
       0
       0
       0
       0
       0
       0
       0
       0
       0
       0
       0
       0
       0
       0
       0
       0
       0
       0
       0
       0
       0
       0
       0
       0
       0
       0
       0
       0
       0
       0
       0
       0
       0
       0
       0
       0
       0
       0
       0
       0
       0
       0
       0
$ROI:
3
5 213
215 1972
4034 4072
$PRESETS:
None
0
0
$ENER_FIT:
0.000000 0.000000
$MCA_CAL:
3
0.000000E+000 0.000000E+000 0.000000E+000 
$SHAPE_CAL:
3
0.000000E+000 0.000000E+000 0.000000E+000
