$SPEC_ID:
Silicon
$SPEC_REM:
DET# 3
DETDESC# 78-GP-NB0025 Model 928 SN 15355078
AP# Maestro Version 7.01
$DATE_MEA:
03/14/2024 21:38:29
$MEAS_TIM:
557 630
$DATA:
0 4095
       0
       0
       0
       0
       0
       0
       0
       0
       0
       0
       2
   56806
 3879620
 2074788
 1134797
 1014765
  877555
  694438
  535471
  434378
  366525
  312455
  268496
  230167
  198298
  171665
  149109
  130311
  113896
  100538
   88317
   77638
   68421
   60734
   53992
   47461
   41936
   37183
   32893
   29010
   25658
   22547
   19299
   17217
   15371
   13330
   11668
   10149
    8833
    7615
    6683
    5933
    5156
    4595
    4000
    3499
    3112
    2671
    2477
    2164
    1921
    1678
    1500
    1348
    1222
    1081
    1074
     944
     888
     759
     750
     633
     658
     572
     528
     525
     474
     475
     444
     457
     421
     360
     365
     356
     299
     334
     346
     293
     298
     295
     258
     251
     287
     280
     284
     237
     239
     240
     212
     206
     210
     212
     222
     178
     141
     176
     201
     173
     189
     164
     164
     157
     147
     150
     132
     145
     149
     131
     136
     133
     136
     137
     126
     131
     125
     136
     102
     119
     111
     107
     103
     110
     114
     109
     113
     104
      91
     107
     101
      97
     101
     103
      92
      87
      80
      92
      83
      76
      95
      87
      85
      79
      74
      78
      77
      95
      78
      74
      82
      67
      67
      71
      59
      64
      65
      65
      51
      64
      57
      66
      53
      50
      62
      63
      65
      57
      59
      55
      70
      54
      62
      52
      55
      65
      56
      67
      61
      57
      52
      43
      41
      45
      51
      38
      42
      41
      35
      49
      45
      43
      37
      33
      44
      47
      45
      39
      29
      48
      31
      24
      31
      45
      39
      35
      27
      49
      37
      37
      29
      29
      33
      44
      32
      30
      48
      46
      39
      40
      30
      34
      36
      33
      27
      24
      27
      24
      34
      18
      26
      28
      33
      38
      24
      33
      36
      23
      26
      35
      26
      25
      32
      28
      26
      31
      31
      26
      22
      18
      33
      16
      18
      32
      22
      31
      30
      19
      25
      31
      13
      21
      22
      19
      25
      27
      24
      25
      24
      23
      22
      22
      22
      23
      26
      14
      17
      15
      14
      17
       9
      20
      16
      10
      18
      18
      21
      20
      18
      15
      19
      24
      16
      18
      18
      21
      15
      20
      18
      15
      15
      20
      22
      16
      13
      23
      12
      12
      21
      15
      20
      10
      17
      12
      21
      20
      17
      18
      17
      18
      11
      21
      14
      14
      14
      13
      20
      12
      12
      17
      10
      12
      16
      15
      11
      17
       9
      10
      11
      14
      13
      14
      20
      15
      16
      15
      15
      17
      13
      12
      10
      13
      15
       8
      13
      13
      13
      12
       8
      15
      15
      10
      10
       9
      12
      14
       8
      16
      16
      10
       7
       7
      13
      13
      15
      10
       5
       8
      14
      13
       7
      18
      11
       7
      11
      10
       7
      12
      13
      15
      13
      10
       6
      10
      12
      15
      12
       9
       9
       7
      11
      12
      12
      14
       7
       5
      10
      10
      18
      11
      15
      13
       9
      13
      10
       8
       9
      10
      10
      11
       9
      11
      11
       9
       5
       9
       4
      12
       4
       8
       7
       8
       4
       7
       8
       6
      12
      11
       6
       4
      13
       5
       5
      13
       5
       8
       6
       7
       9
       5
       3
      10
       5
      11
       6
       3
       9
       9
       3
       5
       6
       8
       5
       7
       6
       8
       6
       6
      10
      12
      11
       4
       8
      10
       6
       7
       2
       4
       4
       7
       6
       6
       6
       9
       9
       6
      13
       9
       5
      12
      10
      12
       6
       5
       6
       9
       9
       6
       2
       4
       5
       7
       5
       0
       5
       9
       6
      10
       9
       3
       8
       8
       5
       3
       7
       7
       4
       6
       3
       2
       5
       7
       2
       3
       7
       3
       4
       9
       4
      10
       6
       6
       7
       5
       5
       5
       4
       4
       5
       3
       6
       8
       7
      10
      13
       9
       4
       6
       8
       4
       3
       4
       6
       7
       2
       9
       3
       6
       3
       4
       6
       4
       8
       4
       4
       7
       3
       6
       2
       3
       2
       5
       5
       4
       4
       1
       8
       4
       4
       1
       4
       5
       3
       1
       7
       6
       6
       8
       2
       5
       4
       4
       5
       7
       4
       3
       3
       6
       5
       5
       4
       4
       8
       4
       7
       4
       4
       2
       7
       5
       4
       5
       5
       3
       3
       3
       4
       6
       6
       4
       3
       4
       2
       5
       4
       2
       3
       3
       3
       4
       4
       3
       4
       3
       1
       3
       5
       6
       4
       4
       2
       8
       5
       5
       1
       1
       3
       3
       4
       3
       5
       4
       1
       4
       3
       4
       2
       5
       5
       4
       2
       4
       5
       3
       0
       1
       6
       2
       8
       2
       2
       1
       2
       1
       7
       3
       4
       1
       2
       5
       2
       6
       6
       3
       1
       2
       5
       2
       4
       2
       6
       3
       3
       2
       2
       7
       4
       4
       2
       4
       4
       1
       3
       5
       1
       2
       1
       4
       2
       4
       5
       3
       7
       3
       3
       4
       2
       4
       4
       3
       0
       2
       3
       6
       1
       2
       1
       2
       4
       1
       3
       1
       3
       0
       3
       4
       2
       2
       5
       1
       3
       4
       3
       1
       1
       2
       5
       7
       2
       5
       1
       3
       2
       2
       5
       1
       2
       3
       3
       1
       4
       4
       1
       0
       3
       4
       2
       2
       2
       0
       4
       2
       2
       2
       3
       3
       1
       3
       3
       4
       5
       1
       1
       1
       0
       4
       0
       5
       3
       4
       1
       2
       1
       2
       2
       4
       2
       3
       2
       3
       2
       2
       3
       3
       2
       1
       2
       2
       4
       3
       3
       1
       1
       3
       3
       1
       2
       2
       1
       6
       2
       2
       1
       1
       2
       1
       4
       2
       1
       3
       1
       0
       4
       3
       2
       1
       3
       0
       2
       0
       4
       1
       1
       1
       5
       2
       2
       3
       3
       2
       1
       0
       3
       0
       1
       1
       1
       2
       1
       0
       3
       2
       2
       3
       2
       1
       1
       1
       1
       4
       1
       3
       1
       2
       1
       3
       0
       1
       1
       1
       2
       0
       6
       0
       0
       2
       3
       1
       0
       2
       1
       3
       1
       2
       0
       1
       1
       2
       1
       2
       2
       1
       0
       1
       1
       0
       2
       2
       2
       1
       3
       0
       1
       0
       0
       4
       3
       0
       0
       1
       0
       1
       1
       0
       1
       2
       2
       2
       4
       2
       1
       4
       1
       1
       0
       1
       2
       1
       0
       3
       0
       4
       2
       2
       2
       2
       0
       1
       2
       1
       0
       1
       0
       3
       0
       3
       1
       0
       1
       3
       1
       2
       2
       3
       1
       2
       4
       2
       0
       2
       1
       4
       2
       2
       2
       1
       2
       1
       1
       3
       3
       1
       2
       1
       1
       1
       0
       3
       0
       3
       2
       1
       0
       1
       0
       1
       0
       2
       0
       1
       3
       0
       3
       2
       2
       0
       0
       1
       0
       2
       2
       3
       1
       2
       1
       0
       0
       2
       1
       1
       1
       1
       4
       1
       0
       1
       0
       2
       0
       0
       0
       0
       2
       1
       0
       2
       0
       2
       2
       2
       0
       0
       1
       0
       2
       4
       0
       0
       1
       2
       2
       6
       1
       1
       2
       1
       1
       2
       1
       0
       1
       0
       1
       0
       2
       2
       1
       0
       0
       2
       0
       1
       0
       0
       2
       0
       1
       3
       0
       2
       0
       0
       0
       0
       2
       0
       4
       4
       1
       1
       1
       0
       0
       1
       1
       2
       0
       2
       0
       1
       2
       2
       0
       4
       2
       0
       1
       0
       1
       0
       2
       1
       0
       2
       2
       2
       2
       2
       0
       2
       0
       0
       1
       1
       3
       2
       0
       3
       1
       1
       2
       1
       2
       1
       1
       1
       2
       1
       0
       0
       0
       1
       2
       1
       1
       2
       1
       0
       1
       0
       0
       3
       1
       0
       1
       0
       2
       2
       1
       1
       0
       1
       0
       0
       4
       0
       0
       0
       2
       0
       0
       1
       1
       1
       1
       1
       1
       2
       1
       2
       0
       1
       1
       0
       0
       1
       2
       2
       1
       1
       0
       0
       0
       0
       0
       2
       1
       2
       0
       3
       2
       2
       0
       1
       1
       0
       1
       2
       1
       1
       0
       1
       0
       2
       1
       1
       0
       1
       1
       0
       0
       2
       0
       1
       1
       0
       0
       0
       1
       1
       1
       1
       0
       1
       0
       1
       1
       1
       0
       0
       1
       0
       1
       2
       0
       1
       0
       1
       0
       1
       0
       0
       2
       0
       0
       1
       0
       1
       1
       1
       0
       1
       2
       1
       0
       2
       0
       1
       0
       1
       1
       0
       3
       3
       1
       2
       0
       0
       0
       0
       0
       0
       1
       2
       0
       0
       0
       0
       0
       1
       1
       0
       1
       2
       0
       2
       2
       0
       0
       1
       0
       0
       2
       1
       0
       0
       2
       1
       0
       0
       0
       1
       1
       0
       2
       0
       0
       2
       2
       4
       0
       3
       0
       1
       0
       0
       0
       1
       1
       0
       0
       2
       0
       1
       1
       0
       0
       0
       0
       2
       1
       2
       0
       1
       2
       2
       1
       0
       1
       3
       1
       0
       1
       2
       0
       0
       3
       1
       0
       1
       0
       0
       2
       0
       0
       2
       0
       0
       0
       0
       2
       0
       0
       0
       2
       0
       1
       2
       1
       0
       0
       0
       3
       0
       0
       1
       2
       0
       0
       0
       3
       0
       1
       1
       0
       0
       1
       1
       0
       0
       0
       0
       0
       1
       1
       0
       0
       0
       2
       0
       1
       1
       0
       0
       0
       0
       0
       1
       0
       3
       1
       2
       0
       0
       0
       0
       1
       1
       0
       1
       0
       1
       3
       0
       0
       0
       0
       1
       1
       1
       2
       0
       0
       0
       0
       1
       0
       1
       0
       0
       0
       3
       1
       1
       0
       0
       1
       0
       1
       1
       1
       1
       0
       0
       0
       3
       1
       2
       1
       0
       0
       0
       1
       0
       0
       1
       1
       1
       1
       1
       0
       2
       1
       0
       0
       0
       0
       0
       0
       0
       0
       0
       1
       1
       0
       0
       1
       0
       1
       2
       1
       0
       1
       1
       0
       0
       0
       1
       0
       0
       1
       1
       0
       0
       0
       0
       2
       0
       0
       1
       1
       1
       0
       0
       1
       0
       1
       2
       0
       0
       1
       1
       0
       3
       1
       1
       0
       1
       0
       0
       0
       0
       1
       0
       2
       0
       2
       0
       0
       1
       0
       1
       0
       2
       0
       1
       1
       0
       0
       0
       0
       1
       1
       1
       0
       1
       0
       2
       0
       0
       2
       3
       1
       0
       1
       1
       1
       1
       0
       0
       0
       0
       1
       2
       1
       0
       0
       0
       1
       1
       0
       0
       1
       0
       0
       0
       0
       0
       3
       0
       0
       0
       2
       0
       0
       0
       1
       0
       1
       1
       0
       0
       2
       1
       0
       0
       0
       1
       0
       1
       0
       0
       0
       0
       0
       1
       0
       2
       0
       0
       0
       0
       1
       0
       1
       0
       0
       0
       0
       1
       0
       0
       0
       0
       1
       0
       0
       1
       1
       1
       2
       0
       1
       0
       0
       0
       0
       0
       0
       0
       3
       0
       0
       1
       0
       1
       1
       0
       0
       0
       0
       2
       0
       1
       1
       0
       0
       0
       1
       0
       1
       1
       2
       1
       0
       3
       0
       0
       0
       0
       0
       1
       1
       0
       1
       0
       0
       2
       1
       3
       1
       0
       2
       0
       0
       2
       0
       1
       2
       1
       1
       1
       0
       0
       0
       1
       2
       1
       2
       0
       1
       1
       0
       0
       0
       0
       0
       1
       0
       1
       0
       0
       0
       0
       0
       0
       0
       0
       0
       0
       1
       0
       2
       0
       0
       1
       0
       2
       0
       1
       1
       0
       0
       0
       0
       0
       0
       0
       0
       0
       0
       1
       0
       1
       0
       0
       1
       1
       0
       0
       1
       0
       0
       0
       1
       0
       0
       1
       1
       0
       0
       0
       1
       0
       1
       0
       0
       1
       0
       1
       0
       1
       1
       0
       0
       2
       0
       1
       1
       0
       0
       1
       1
       1
       0
       0
       1
       1
       0
       1
       0
       1
       0
       3
       2
       0
       0
       0
       0
       0
       0
       1
       1
       0
       0
       0
       0
       0
       0
       0
       1
       1
       1
       0
       1
       0
       0
       1
       0
       1
       1
       0
       0
       0
       1
       1
       0
       1
       0
       1
       1
       0
       0
       2
       0
       1
       0
       0
       0
       0
       3
       0
       1
       0
       0
       0
       0
       0
       0
       0
       2
       1
       1
       0
       0
       1
       1
       1
       0
       1
       0
       1
       1
       0
       0
       0
       2
       1
       2
       1
       1
       0
       2
       2
       0
       1
       1
       1
       0
       0
       0
       0
       2
       0
       0
       0
       0
       2
       0
       1
       0
       0
       1
       0
       0
       3
       0
       1
       1
       2
       0
       0
       0
       0
       0
       1
       0
       0
       1
       1
       0
       0
       1
       1
       2
       0
       0
       0
       2
       0
       0
       0
       0
       0
       2
       1
       0
       0
       0
       0
       0
       1
       0
       0
       2
       0
       0
       1
       0
       0
       0
       0
       1
       0
       0
       0
       0
       0
       0
       1
       0
       0
       2
       0
       1
       0
       2
       0
       0
       0
       1
       0
       0
       0
       1
       0
       2
       0
       0
       0
       0
       0
       0
       2
       0
       0
       0
       1
       1
       0
       0
       0
       0
       0
       0
       2
       0
       0
       1
       0
       1
       0
       1
       0
       0
       1
       0
       0
       0
       0
       0
       0
       0
       1
       0
       1
       1
       0
       0
       0
       0
       0
       1
       0
       0
       0
       0
       1
       0
       0
       0
       0
       1
       0
       0
       1
       0
       0
       0
       0
       0
       0
       0
       0
       0
       0
       1
       0
       1
       0
       0
       0
       0
       1
       1
       0
       0
       0
       1
       0
       0
       0
       0
       0
       0
       0
       0
       0
       0
       1
       0
       0
       0
       0
       0
       0
       0
       0
       0
       0
       0
       1
       0
       0
       0
       0
       0
       1
       0
       0
       0
       0
       0
       0
       0
       0
       0
       1
       0
       0
       1
       0
       0
       1
       0
       0
       0
       0
       0
       1
       0
       0
       0
       0
       0
       1
       0
       1
       0
       2
       0
       0
       2
       2
       0
       1
       0
       0
       1
       0
       1
       1
       0
       0
       0
       0
       0
       0
       0
       3
       0
       0
       1
       0
       0
       0
       1
       0
       1
       0
       0
       0
       0
       0
       0
       1
       0
       1
       0
       1
       0
       1
       0
       0
       0
       0
       0
       0
       0
       1
       1
       0
       0
       0
       0
       0
       1
       0
       0
       0
       0
       0
       0
       1
       0
       0
       0
       1
       0
       0
       0
       0
       0
       1
       0
       0
       0
       0
       0
       0
       0
       0
       0
       0
       0
       0
       0
       0
       0
       0
       0
       0
       1
       0
       0
       0
       0
       0
       1
       0
       0
       0
       1
       1
       0
       0
       0
       0
       0
       0
       1
       0
       3
       0
       0
       0
       1
       0
       0
       0
       0
       0
       1
       0
       0
       0
       0
       0
       0
       0
       0
       0
       2
       0
       1
       0
       0
       2
       0
       0
       0
       0
       0
       0
       0
       0
       0
       0
       0
       0
       0
       0
       0
       1
       0
       0
       0
       0
       0
       0
       0
       1
       0
       0
       1
       0
       0
       0
       0
       0
       1
       0
       0
       0
       0
       0
       0
       0
       1
       0
       0
       0
       0
       1
       0
       0
       0
       0
       1
       0
       0
       0
       2
       0
       0
       2
       0
       0
       0
       0
       1
       1
       0
       2
       0
       0
       1
       0
       0
       1
       0
       1
       1
       0
       0
       0
       1
       0
       0
       0
       0
       0
       0
       0
       0
       4
       1
       1
       0
       0
       0
       1
       0
       0
       0
       0
       0
       0
       1
       0
       0
       0
       0
       0
       0
       2
       0
       0
       0
       0
       0
       0
       0
       0
       0
       0
       0
       0
       0
       1
       1
       0
       0
       0
       0
       1
       0
       0
       0
       0
       0
       0
       0
       0
       0
       0
       1
       0
       0
       0
       1
       0
       0
       0
       0
       0
       0
       0
       1
       0
       2
       0
       0
       1
       0
       0
       0
       0
       1
       0
       0
       0
       0
       0
       0
       0
       1
       0
       1
       0
       0
       0
       0
       1
       0
       0
       0
       0
       0
       0
       2
       1
       0
       0
       0
       0
       0
       0
       0
       1
       0
       0
       0
       0
       0
       0
       1
       0
       1
       1
       0
       0
       0
       0
       0
       0
       0
       0
       0
       0
       0
       0
       1
       0
       1
       0
       1
       0
       0
       0
       0
       0
       0
       0
       0
       0
       0
       0
       0
       1
       0
       0
       0
       0
       0
       1
       0
       0
       0
       1
       0
       0
       0
       0
       1
       1
       0
       0
       1
       1
       0
       0
       0
       0
       0
       0
       0
       0
       0
       0
       0
       0
       0
       0
       0
       0
       0
       0
       0
       1
       0
       0
       0
       0
       0
       0
       1
       1
       0
       0
       0
       0
       0
       0
       0
       0
       0
       0
       2
       0
       1
       1
       0
       0
       0
       0
       0
       0
       0
       0
       0
       0
       1
       0
       0
       0
       0
       0
       0
       0
       0
       0
       0
       0
       0
       0
       0
       0
       0
       0
       0
       0
       0
       0
       0
       1
       0
       0
       0
       0
       0
       0
       1
       1
       0
       0
       0
       2
       1
       0
       0
       0
       0
       0
       0
       0
       0
       1
       1
       0
       0
       0
       0
       0
       0
       0
       0
       0
       0
       0
       0
       2
       0
       0
       0
       0
       0
       0
       0
       0
       0
       0
       1
       0
       0
       0
       1
       1
       0
       0
       0
       1
       1
       0
       0
       0
       0
       0
       1
       1
       0
       0
       0
       0
       0
       0
       0
       0
       1
       0
       0
       0
       0
       0
       1
       0
       0
       0
       0
       0
       0
       0
       0
       0
       0
       0
       0
       0
       0
       0
       1
       0
       0
       0
       1
       0
       0
       0
       0
       0
       0
       1
       0
       0
       1
       0
       0
       1
       0
       2
       0
       0
       0
       0
       0
       0
       0
       0
       0
       0
       0
       0
       0
       0
       0
       0
       1
       0
       0
       0
       0
       0
       0
       0
       0
       1
       0
       0
       0
       0
       0
       1
       0
       0
       0
       1
       0
       1
       0
       0
       0
       0
       0
       0
       0
       0
       0
       1
       0
       0
       0
       0
       0
       0
       0
       0
       0
       0
       0
       0
       0
       2
       0
       0
       0
       0
       1
       0
       1
       0
       0
       0
       0
       0
       0
       0
       0
       1
       0
       0
       0
       0
       0
       0
       0
       0
       0
       0
       0
       0
       0
       0
       0
       1
       0
       0
       0
       0
       0
       0
       0
       0
       0
       0
       0
       0
       0
       0
       0
       0
       0
       0
       0
       0
       0
       0
       0
       1
       0
       0
       1
       0
       0
       1
       1
       1
       0
       0
       0
       0
       0
       0
       1
       1
       0
       0
       0
       0
       0
       1
       0
       1
       0
       0
       1
       0
       0
       0
       0
       0
       0
       1
       0
       0
       0
       0
       0
       0
       0
       0
       0
       0
       0
       0
       0
       0
       0
       0
       0
       0
       0
       1
       0
       0
       0
       0
       0
       0
       0
       0
       0
       1
       0
       0
       0
       1
       0
       0
       0
       1
       0
       0
       0
       0
       0
       0
       0
       0
       0
       0
       1
       0
       0
       1
       0
       1
       0
       0
       0
       0
       0
       0
       0
       0
       0
       0
       0
       0
       0
       0
       0
       0
       0
       0
       1
       0
       0
       0
       0
       0
       0
       0
       1
       0
       0
       0
       0
       1
       0
       0
       0
       0
       0
       0
       0
       0
       0
       0
       0
       0
       0
       0
       0
       0
       0
       0
       0
       0
       0
       1
       0
       0
       1
       0
       1
       0
       0
       0
       0
       0
       0
       0
       0
       0
       1
       2
       0
       0
       0
       0
       0
       0
       0
       0
       0
       0
       0
       0
       0
       0
       0
       0
       0
       0
       0
       0
       0
       0
       0
       0
       0
       0
       0
       0
       1
       0
       0
       0
       0
       0
       0
       0
       0
       0
       0
       0
       0
       0
       0
       0
       0
       0
       0
       0
       0
       0
       0
       0
       0
       0
       0
       0
       0
       0
       0
       0
       0
       0
       1
       0
       0
       0
       0
       0
       0
       0
       0
       0
       0
       0
       0
       0
       0
       0
       0
       0
       0
       0
       0
       0
       0
       0
       0
       1
       0
       0
       1
       0
       0
       0
       0
       0
       0
       0
       0
       0
       0
       0
       0
       0
       0
       0
       0
       0
       1
       0
       0
       0
       0
       0
       0
       1
       0
       0
       0
       0
       0
       0
       0
       0
       0
       0
       1
       0
       0
       0
       0
       0
       0
       0
       0
       1
       0
       0
       0
       0
       0
       0
       0
       0
       0
       0
       0
       1
       0
       0
       0
       0
       1
       0
       0
       0
       0
       1
       0
       0
       0
       0
       0
       0
       0
       0
       0
       0
       1
       0
       0
       0
       0
       0
       0
       0
       0
       0
       0
       0
       1
       0
       0
       0
       0
       1
       0
       1
       0
       0
       0
       0
       0
       0
       1
       0
       0
       0
       0
       1
       0
       0
       0
       0
       0
       0
       0
       0
       0
       0
       0
       0
       0
       0
       0
       1
       0
       0
       0
       0
       0
       1
       0
       0
       1
       0
       0
       0
       1
       0
       0
       0
       1
       0
       0
       0
       0
       0
       0
       0
       0
       0
       0
       0
       0
       0
       0
       0
       0
       0
       0
       0
       0
       0
       0
       0
       1
       0
       0
       1
       0
       0
       0
       0
       0
       0
       0
       0
       0
       0
       1
       0
       0
       0
       0
       0
       0
       0
       0
       0
       0
       0
       0
       0
       0
       0
       0
       0
       0
       0
       0
       0
       0
       0
       0
       0
       0
       0
       0
       0
       0
       0
       0
       0
       0
       0
       0
       0
       0
       0
       0
       0
       0
       0
       0
       0
       0
       0
       0
       0
       0
       0
       0
       0
       0
       0
       0
       0
       1
       0
       0
       1
       1
       0
       0
       0
       0
       0
       0
       0
       0
       0
       0
       0
       0
       0
       0
       0
       0
       0
       0
       0
       0
       0
       0
       0
       0
       1
       0
       0
       0
       0
       0
       1
       0
       0
       0
       0
       0
       0
       0
       0
       0
       0
       1
       0
       0
       0
       0
       0
       0
       0
       0
       0
       0
       0
       0
       0
       1
       0
       1
       0
       0
       0
       0
       0
       0
       0
       0
       0
       0
       0
       0
       0
       0
       0
       0
       1
       0
       0
       0
       0
       0
       0
       0
       0
       0
       0
       0
       1
       0
       0
       0
       0
       0
       0
       1
       2
       0
       0
       0
       0
       0
       0
       0
       0
       0
       0
       0
       0
       0
       0
       0
       0
       0
       0
       0
       0
       0
       0
       0
       0
       0
       0
       0
       0
       1
       0
       0
       0
       0
       0
       0
       0
       0
       0
       0
       1
       0
       0
       0
       0
       0
       0
       0
       0
       1
       1
       0
       0
       0
       0
       1
       0
       0
       0
       0
       1
       0
       0
       1
       1
       1
       0
       0
       0
       0
       0
       0
       0
       0
       0
       0
       0
       0
       0
       0
       0
       0
       0
       0
       0
       0
       0
       0
       0
       0
       0
       0
       0
       0
       0
       0
       0
       0
       0
       0
       1
       1
       0
       0
       0
       0
       0
       0
       0
       0
       0
       0
       1
       0
       0
       0
       0
       1
       0
       0
       1
       0
       0
       0
       0
       0
       1
       0
       0
       0
       1
       1
       1
       0
       0
       0
       0
       0
       0
       1
       0
       0
       0
       0
       0
       0
       0
       0
       0
       0
       1
       0
       0
       1
       1
       0
       0
       0
       1
       0
       0
       0
       0
       0
       0
       0
       0
       0
       0
       0
       0
       0
       0
       1
       0
       0
       1
       0
       0
       0
       0
       1
       0
       0
       0
       1
       0
       0
       0
       0
       0
       2
       1
       0
       0
       0
       0
       0
       0
       0
       0
       0
       1
       0
       1
       0
       1
       0
       1
       0
       0
       0
       0
       0
       0
       0
       0
       0
       0
       1
       0
       0
       0
       0
       0
       1
       1
       0
       0
       0
       1
       1
       0
       0
       0
       0
       0
       0
       0
       1
       0
       0
       1
       0
       0
       1
       0
       0
       1
       1
       0
       1
       1
       0
       0
       2
       2
       0
       0
       0
       0
       0
       1
       1
       2
       1
       2
       3
       0
       4
       2
       0
       2
       4
       1
       0
       2
       4
       1
       7
       2
       2
       2
       5
       6
       5
       4
       2
       0
       0
       0
       0
       0
       0
       0
       0
       0
       0
       0
       0
       0
       0
       0
       0
       0
       0
       0
       0
       0
       0
       0
       0
       0
       0
       0
       0
       0
       0
       0
       0
       0
       0
       0
       0
       0
       0
       0
       0
       0
       0
       0
       0
       0
       0
       0
       0
       0
       0
       0
       0
       0
       0
       0
       0
       0
       0
       0
       0
       0
       0
       0
       0
       0
       0
       0
       0
       0
       0
       0
       0
       0
       0
       0
       0
       0
       0
       0
       0
       0
       0
       0
       0
       0
       0
       0
       0
       0
       0
       0
       0
       0
       0
       0
       0
       0
       0
       0
       0
       0
       0
       0
       0
       0
       0
       0
       0
       0
       0
       0
       0
       0
       0
       0
       0
       0
       0
       0
       0
       0
       0
       0
       0
       0
       0
       0
       0
       0
       0
       0
       0
       0
       0
       0
       0
       0
       0
       0
       0
       0
       0
       0
       0
       0
       0
       0
       0
       0
       0
       0
       0
       0
       0
       0
       0
       0
       0
       0
       0
       0
       0
       0
       0
       0
       0
       0
       0
       0
       0
       0
       0
       0
       0
       0
       0
       0
       0
       0
       0
       0
       0
       0
       0
       0
       0
       0
       0
       0
       0
       0
       0
       0
       0
       0
       0
       0
       0
       0
       0
       0
       0
       0
       0
       0
       0
       0
       0
       0
       0
       0
       0
       0
       0
       0
       0
       0
       0
       0
       0
       0
       0
       0
       0
       0
       0
       0
       0
       0
       0
       0
       0
       0
       0
       0
       0
       0
       0
       0
       0
       0
       0
       0
       0
       0
       0
       0
       0
       0
       0
       0
       0
       0
       0
       0
       0
       0
       0
       0
       0
       0
       0
       0
       0
       0
       0
       0
       0
       0
       0
       0
       0
       0
       0
       0
       0
       0
       0
       0
       0
       0
       0
       0
       0
       0
       0
       0
       0
       0
       0
       0
       0
       0
       0
       0
       0
       0
       0
       0
       0
       0
       0
       0
       0
       0
       0
       0
       0
       0
       0
       0
       0
       0
       0
       0
       0
       0
       0
       0
       0
       0
       0
       0
       0
       0
       0
       0
       0
       0
       0
       0
       0
       0
       0
       0
       0
       0
       0
       0
       0
       0
       0
       0
       0
       0
       0
       0
       0
       0
       0
       0
       0
       0
       0
       0
       0
       0
       0
       0
       0
       0
       0
       0
       0
       0
       0
       0
       0
       0
       0
       0
       0
       0
       0
       0
       0
       0
       0
       0
       0
       0
       0
       0
       0
       0
       0
       0
$ROI:
3
5 213
215 1972
4034 4072
$PRESETS:
None
0
0
$ENER_FIT:
0.000000 0.000000
$MCA_CAL:
3
0.000000E+000 0.000000E+000 0.000000E+000 
$SHAPE_CAL:
3
0.000000E+000 0.000000E+000 0.000000E+000
