$SPEC_ID:
Silicon
$SPEC_REM:
DET# 3
DETDESC# 78-GP-NB0025 Model 928 SN 15355078
AP# Maestro Version 7.01
$DATE_MEA:
03/14/2024 21:54:40
$MEAS_TIM:
577 654
$DATA:
0 4095
       0
       0
       0
       0
       0
       0
       0
       0
       0
       0
       1
   59216
 4094251
 2213642
 1198604
 1068836
  926637
  732191
  561799
  455720
  385564
  329834
  283292
  244553
  210536
  181514
  158258
  137724
  120043
  106415
   93558
   83249
   72926
   64407
   57008
   50949
   44454
   39376
   34961
   30645
   27163
   23985
   20753
   18300
   16104
   14066
   12181
   10739
    9383
    8209
    7237
    6304
    5635
    4873
    4216
    3737
    3221
    2913
    2612
    2380
    2037
    1761
    1661
    1473
    1221
    1202
    1048
    1033
     934
     780
     766
     697
     644
     607
     572
     550
     550
     488
     448
     470
     433
     412
     395
     337
     359
     337
     303
     303
     302
     273
     300
     268
     262
     296
     253
     235
     228
     265
     212
     229
     192
     222
     215
     210
     210
     186
     207
     205
     174
     183
     189
     160
     177
     167
     189
     161
     166
     142
     144
     142
     130
     153
     134
     141
     109
     135
     116
     136
     118
     136
     133
     122
     115
      99
     124
     112
     113
     114
     100
      96
     100
      99
      87
      87
      96
     105
      89
     101
      93
      74
      77
      79
      86
      85
      67
      78
      78
      68
      75
      60
      72
      64
      73
      63
      68
      67
      88
      61
      74
      69
      50
      57
      67
      68
      60
      51
      50
      67
      52
      58
      55
      57
      54
      57
      58
      48
      48
      59
      53
      52
      42
      58
      36
      36
      61
      48
      41
      42
      45
      58
      36
      41
      53
      46
      38
      44
      43
      46
      47
      43
      41
      45
      42
      39
      43
      44
      46
      35
      39
      35
      33
      37
      36
      57
      36
      39
      31
      27
      34
      32
      29
      35
      33
      41
      40
      41
      27
      39
      27
      28
      28
      38
      28
      27
      22
      24
      26
      27
      26
      31
      36
      27
      39
      29
      32
      20
      24
      34
      33
      29
      24
      33
      29
      15
      25
      19
      24
      24
      14
      26
      30
      18
      22
      23
      25
      25
      19
      26
      22
      26
      25
      15
      32
      23
      20
      17
      22
      22
      24
      21
      12
      13
      20
      14
      14
      17
      22
      25
      18
      15
      16
      19
      26
      14
      20
      14
      15
      15
       9
      22
      13
      19
      17
      15
      13
      23
      25
      20
      17
      21
      18
      14
      12
      21
      15
      12
      15
      17
      19
      16
      19
      15
      12
      19
      14
      16
      10
      20
      10
      20
      20
      11
      12
      14
      14
       7
      11
      10
      12
      15
      19
      19
       5
      15
      17
      15
      17
       7
      12
      12
       7
      18
      13
       9
      11
      13
      12
      19
      11
       9
      13
      13
      14
      14
      20
      13
      13
      13
      15
      10
      19
      10
      17
      15
      12
       7
      20
       8
      15
      10
       8
      12
      12
      12
      13
       4
      15
      13
      13
      10
      16
       9
       5
       7
      17
       6
       5
       8
       9
      11
      12
       5
       5
       7
      13
      12
      10
      14
      12
       9
      12
      15
       5
       6
      10
      12
       6
       2
      10
      15
      10
      11
       8
       7
       9
      10
      12
       8
       3
      11
       3
       5
       6
       7
       9
      10
       6
      11
       9
       3
      13
       4
       9
      10
      12
       4
      12
       7
       8
       5
      11
       7
      11
      10
       5
      11
       6
       9
      10
       4
       6
       6
       9
       9
       7
       3
       5
      10
       5
      10
       2
      10
       7
       6
      10
       7
      11
       7
       8
      13
      10
       9
       2
       5
       4
       9
      12
       4
       3
       6
       8
       8
       7
       7
       8
       5
       1
       7
       6
       5
       5
       5
       6
      10
       9
       5
       4
       3
       6
       5
       6
       7
       6
       4
       2
       6
       5
       8
       6
       4
       8
       9
       5
      14
      10
       7
       7
       5
       5
       8
       3
       4
      12
      12
       5
       2
       8
       5
       5
       9
       7
       9
       3
       3
       3
       9
       3
       4
      11
       3
       2
       8
      10
       7
       5
       5
       4
       5
       8
       3
       3
       5
       5
       6
       7
       6
       3
       6
       6
       5
       7
       2
       8
       4
       4
       7
       8
       5
       2
       7
       3
       6
       4
       6
       4
       8
       5
       7
       6
       3
       4
       9
       2
       6
       4
       2
       5
       5
       3
       5
       4
       5
       4
       6
       1
       6
       2
       1
       7
       3
       6
       3
       3
       7
       1
       8
       2
       9
       5
       2
       6
       4
       6
       5
       6
       6
       3
       6
       7
       3
       3
       6
       4
       4
       4
       1
       1
       7
       4
       3
       3
       3
       6
       3
       4
       2
       6
       6
       2
       3
       5
       2
       2
       3
       5
       3
       2
       5
       5
       2
       9
       5
       2
       4
       3
       5
       2
       3
       3
       4
       1
       3
       4
       4
       2
       0
       3
       6
       3
       4
       3
       5
       7
       4
       6
       2
       2
       0
       4
       4
       2
       2
       1
       4
       1
       6
       2
       3
       4
       3
       2
       1
       2
       7
       5
       5
       4
       2
       1
       1
       1
       3
       1
       4
       2
       3
       4
       4
       3
       2
       3
       3
       4
       4
       0
       1
       1
       2
       3
       2
       7
       2
       3
       3
       4
       4
       1
       2
       4
       2
       1
       0
       5
       2
       2
       5
       6
       1
       2
       1
       4
       3
       3
       2
       1
       3
       5
       2
       3
       3
       3
       3
       1
       4
       1
       0
       1
       2
       3
       3
       1
       0
       0
       2
       1
       3
       4
       2
       1
       3
       4
       2
       1
       2
       2
       4
       3
       2
       2
       0
       2
       2
       2
       3
       5
       1
       0
       3
       5
       1
       1
       1
       5
       1
       2
       2
       1
       3
       2
       3
       5
       3
       2
       2
       0
       4
       4
       1
       0
       2
       3
       2
       3
       4
       0
       1
       1
       3
       1
       2
       4
       2
       4
       2
       2
       1
       3
       3
       2
       1
       1
       0
       1
       0
       1
       2
       1
       2
       2
       3
       1
       1
       2
       4
       1
       1
       3
       2
       1
       3
       8
       1
       2
       0
       1
       4
       0
       2
       1
       2
       4
       0
       3
       4
       1
       2
       3
       1
       1
       1
       1
       2
       1
       2
       3
       1
       2
       1
       1
       2
       1
       2
       1
       2
       1
       1
       1
       2
       4
       1
       3
       0
       2
       3
       0
       3
       2
       2
       1
       2
       1
       2
       2
       1
       2
       1
       1
       3
       1
       4
       1
       2
       2
       3
       2
       0
       2
       1
       1
       1
       2
       3
       1
       1
       0
       1
       1
       0
       1
       3
       1
       2
       0
       1
       0
       0
       3
       3
       1
       4
       2
       1
       3
       2
       1
       2
       2
       3
       0
       2
       0
       0
       4
       1
       0
       3
       4
       0
       0
       2
       0
       2
       0
       3
       1
       3
       0
       1
       1
       0
       1
       2
       2
       3
       1
       1
       0
       2
       0
       1
       2
       0
       2
       1
       0
       1
       2
       0
       1
       0
       0
       1
       8
       2
       1
       1
       0
       0
       1
       0
       1
       2
       0
       1
       0
       1
       0
       0
       0
       0
       0
       1
       3
       0
       2
       1
       3
       3
       0
       1
       0
       0
       0
       3
       0
       2
       0
       1
       1
       0
       0
       0
       1
       0
       2
       1
       3
       0
       3
       2
       2
       1
       3
       1
       2
       1
       0
       0
       2
       2
       0
       0
       1
       1
       1
       2
       1
       1
       1
       0
       3
       1
       0
       1
       2
       1
       0
       0
       3
       1
       0
       2
       0
       1
       2
       3
       0
       2
       0
       2
       1
       1
       0
       1
       0
       0
       3
       0
       0
       1
       1
       0
       1
       0
       1
       1
       3
       1
       2
       2
       2
       1
       0
       1
       1
       0
       1
       1
       2
       2
       2
       0
       0
       1
       0
       1
       0
       3
       1
       1
       2
       1
       1
       1
       1
       1
       0
       2
       0
       1
       0
       3
       1
       2
       1
       1
       1
       0
       0
       1
       3
       1
       0
       2
       0
       1
       1
       2
       1
       0
       0
       0
       0
       1
       1
       2
       3
       0
       2
       0
       0
       0
       0
       1
       1
       1
       1
       4
       0
       1
       0
       1
       0
       1
       1
       2
       2
       0
       3
       0
       2
       1
       3
       1
       0
       1
       2
       3
       2
       0
       0
       1
       1
       0
       0
       1
       2
       0
       1
       2
       0
       0
       0
       0
       3
       0
       3
       1
       1
       1
       1
       2
       0
       0
       4
       0
       0
       0
       0
       2
       0
       0
       3
       2
       0
       0
       1
       0
       1
       1
       1
       3
       1
       0
       2
       1
       2
       2
       0
       0
       1
       2
       0
       1
       2
       0
       2
       0
       0
       0
       0
       1
       0
       1
       1
       0
       0
       2
       1
       1
       0
       0
       0
       1
       1
       1
       3
       1
       2
       1
       0
       1
       2
       0
       3
       1
       0
       1
       1
       0
       0
       0
       0
       0
       0
       0
       1
       0
       0
       2
       3
       1
       1
       0
       0
       1
       2
       1
       1
       1
       0
       0
       2
       0
       0
       1
       1
       1
       1
       1
       2
       0
       0
       0
       0
       0
       0
       2
       0
       0
       2
       0
       2
       3
       1
       0
       1
       0
       1
       3
       0
       2
       0
       0
       1
       0
       3
       0
       2
       0
       1
       0
       2
       1
       0
       0
       0
       2
       1
       0
       1
       1
       0
       0
       1
       0
       1
       3
       1
       2
       0
       0
       1
       2
       0
       0
       0
       1
       1
       2
       2
       0
       0
       0
       1
       3
       1
       2
       1
       0
       0
       0
       0
       0
       2
       1
       0
       1
       1
       0
       0
       3
       1
       0
       0
       1
       0
       1
       2
       0
       0
       2
       0
       0
       1
       0
       0
       2
       0
       2
       1
       1
       0
       1
       0
       1
       1
       0
       2
       0
       0
       0
       0
       1
       1
       0
       1
       1
       0
       1
       0
       1
       2
       0
       0
       1
       1
       0
       0
       0
       0
       0
       0
       1
       0
       0
       1
       1
       0
       0
       1
       1
       1
       2
       1
       2
       1
       0
       1
       1
       2
       1
       0
       0
       2
       2
       0
       1
       1
       1
       3
       0
       1
       0
       2
       0
       3
       1
       1
       1
       0
       1
       1
       0
       0
       0
       2
       1
       0
       2
       0
       0
       1
       2
       0
       0
       1
       1
       1
       2
       0
       3
       2
       1
       3
       0
       1
       0
       2
       1
       0
       0
       1
       0
       1
       0
       1
       0
       2
       0
       0
       0
       0
       1
       1
       1
       1
       1
       0
       1
       0
       0
       0
       1
       0
       1
       0
       0
       0
       1
       1
       1
       1
       1
       0
       2
       0
       0
       1
       0
       0
       0
       1
       2
       0
       0
       0
       0
       0
       0
       0
       0
       1
       0
       0
       1
       0
       0
       0
       0
       0
       0
       0
       2
       0
       1
       0
       1
       1
       0
       1
       1
       0
       1
       2
       2
       0
       1
       0
       1
       2
       0
       0
       0
       2
       1
       0
       2
       1
       0
       0
       1
       0
       2
       0
       1
       0
       0
       1
       2
       1
       0
       1
       0
       0
       0
       2
       0
       0
       1
       1
       0
       1
       0
       0
       1
       1
       1
       2
       1
       2
       0
       1
       0
       0
       0
       0
       0
       1
       1
       1
       2
       0
       2
       1
       0
       1
       1
       0
       1
       1
       1
       1
       0
       0
       0
       0
       0
       0
       0
       1
       0
       0
       0
       2
       0
       0
       1
       0
       0
       1
       0
       0
       0
       0
       0
       0
       2
       0
       1
       0
       0
       1
       0
       1
       2
       0
       0
       1
       1
       0
       1
       1
       0
       0
       1
       1
       0
       0
       0
       3
       0
       2
       2
       1
       2
       0
       0
       0
       0
       0
       0
       0
       0
       0
       0
       2
       0
       1
       0
       0
       1
       1
       0
       0
       0
       0
       0
       0
       0
       1
       0
       0
       1
       0
       0
       0
       0
       1
       0
       0
       0
       0
       0
       1
       0
       1
       0
       0
       1
       0
       0
       1
       1
       2
       2
       0
       1
       0
       0
       1
       0
       2
       0
       0
       0
       1
       1
       1
       0
       1
       1
       3
       1
       1
       1
       0
       0
       0
       0
       0
       1
       0
       1
       0
       0
       0
       0
       0
       1
       0
       0
       0
       0
       0
       1
       0
       1
       0
       0
       1
       0
       0
       0
       0
       0
       1
       1
       1
       1
       0
       0
       0
       1
       0
       0
       0
       1
       0
       1
       0
       0
       0
       1
       0
       1
       0
       1
       0
       0
       1
       0
       0
       0
       0
       1
       0
       1
       2
       0
       0
       0
       0
       0
       1
       0
       0
       0
       0
       0
       0
       1
       0
       0
       1
       0
       0
       0
       0
       0
       0
       0
       0
       0
       0
       0
       1
       1
       1
       0
       0
       0
       1
       2
       3
       0
       0
       0
       0
       0
       0
       0
       0
       2
       1
       0
       0
       0
       0
       0
       1
       0
       1
       0
       0
       0
       0
       2
       0
       0
       0
       1
       0
       0
       0
       0
       1
       0
       0
       0
       0
       1
       1
       0
       0
       0
       0
       1
       0
       0
       0
       3
       0
       0
       0
       0
       1
       1
       1
       0
       1
       1
       0
       0
       1
       1
       1
       1
       1
       1
       1
       1
       0
       0
       0
       0
       0
       0
       0
       0
       0
       0
       1
       0
       1
       1
       1
       0
       0
       3
       2
       0
       1
       0
       0
       0
       1
       2
       0
       0
       1
       0
       0
       0
       0
       0
       0
       0
       0
       2
       1
       0
       0
       0
       0
       1
       0
       0
       2
       0
       0
       0
       1
       0
       0
       1
       0
       1
       1
       3
       0
       1
       0
       1
       0
       1
       1
       1
       1
       0
       1
       0
       1
       0
       1
       0
       2
       0
       1
       1
       0
       1
       0
       0
       0
       0
       1
       2
       0
       1
       0
       1
       0
       0
       0
       0
       0
       0
       0
       0
       0
       0
       2
       1
       0
       0
       0
       0
       1
       0
       0
       0
       0
       1
       2
       0
       1
       0
       1
       0
       0
       0
       2
       0
       0
       0
       1
       0
       2
       0
       0
       0
       0
       0
       0
       0
       0
       1
       0
       1
       1
       0
       0
       0
       0
       0
       1
       0
       0
       1
       0
       2
       0
       0
       1
       0
       0
       1
       2
       0
       0
       2
       0
       0
       0
       0
       0
       0
       0
       0
       0
       0
       0
       0
       0
       1
       0
       0
       0
       0
       0
       0
       0
       0
       0
       0
       0
       0
       0
       1
       0
       0
       0
       0
       2
       1
       0
       0
       0
       1
       1
       0
       1
       0
       0
       0
       0
       0
       0
       0
       0
       0
       1
       1
       0
       0
       0
       1
       0
       0
       0
       1
       0
       0
       0
       1
       1
       0
       0
       0
       0
       0
       1
       1
       0
       0
       1
       0
       0
       1
       0
       0
       0
       0
       0
       1
       1
       0
       1
       0
       0
       0
       0
       1
       0
       0
       0
       0
       1
       0
       0
       2
       0
       0
       0
       0
       0
       0
       0
       0
       0
       0
       1
       0
       0
       1
       0
       0
       0
       0
       0
       0
       0
       0
       1
       0
       0
       0
       0
       0
       1
       0
       0
       0
       1
       0
       0
       0
       1
       0
       1
       0
       0
       0
       0
       0
       3
       0
       1
       1
       0
       0
       0
       0
       0
       0
       0
       0
       1
       2
       0
       1
       1
       0
       0
       0
       0
       1
       1
       0
       0
       0
       0
       0
       1
       0
       0
       1
       0
       1
       0
       0
       0
       0
       0
       2
       0
       0
       0
       0
       0
       0
       0
       0
       0
       0
       0
       0
       0
       0
       0
       1
       0
       0
       0
       0
       0
       0
       0
       0
       1
       1
       1
       1
       0
       0
       1
       0
       0
       0
       1
       0
       0
       0
       0
       0
       1
       0
       0
       1
       0
       1
       0
       1
       0
       0
       0
       0
       0
       0
       0
       0
       1
       0
       0
       0
       0
       0
       0
       0
       1
       0
       1
       0
       1
       0
       1
       1
       0
       0
       0
       1
       0
       0
       0
       0
       0
       0
       1
       0
       1
       1
       0
       0
       0
       1
       0
       0
       0
       0
       2
       0
       0
       0
       0
       0
       0
       0
       0
       1
       0
       0
       0
       0
       0
       0
       0
       0
       1
       0
       0
       1
       0
       0
       0
       1
       0
       0
       0
       1
       0
       0
       1
       1
       0
       1
       0
       0
       1
       1
       1
       0
       0
       0
       1
       0
       1
       0
       0
       0
       0
       0
       2
       0
       0
       0
       1
       0
       0
       0
       1
       1
       0
       0
       0
       0
       1
       1
       0
       1
       0
       0
       0
       0
       1
       0
       0
       0
       1
       0
       0
       0
       0
       0
       0
       0
       0
       0
       1
       0
       0
       0
       0
       1
       0
       1
       0
       0
       0
       0
       0
       0
       0
       0
       0
       0
       0
       0
       1
       0
       0
       0
       0
       0
       0
       0
       1
       1
       0
       1
       0
       0
       0
       0
       0
       0
       0
       0
       0
       0
       0
       0
       2
       0
       0
       0
       0
       0
       0
       0
       0
       0
       2
       0
       0
       0
       0
       0
       0
       0
       0
       0
       0
       0
       0
       1
       0
       0
       0
       0
       0
       0
       0
       0
       0
       0
       0
       0
       0
       0
       0
       0
       0
       0
       0
       0
       1
       0
       0
       1
       1
       0
       0
       0
       1
       0
       0
       0
       0
       0
       1
       0
       0
       0
       0
       0
       0
       0
       0
       1
       0
       0
       0
       0
       0
       0
       0
       1
       0
       0
       0
       0
       0
       0
       0
       0
       0
       0
       0
       0
       0
       0
       1
       0
       0
       0
       1
       0
       0
       0
       0
       0
       0
       1
       0
       0
       0
       0
       0
       0
       0
       0
       1
       0
       0
       0
       0
       0
       0
       0
       0
       0
       0
       0
       0
       0
       1
       0
       0
       0
       0
       0
       1
       0
       0
       0
       0
       1
       1
       0
       1
       0
       0
       0
       0
       1
       0
       0
       0
       0
       0
       0
       0
       0
       0
       0
       1
       0
       0
       0
       0
       0
       0
       1
       1
       0
       0
       0
       1
       0
       0
       0
       1
       0
       0
       0
       0
       0
       0
       0
       0
       0
       0
       0
       1
       0
       0
       0
       0
       0
       0
       0
       0
       0
       0
       0
       0
       0
       0
       0
       0
       0
       0
       0
       0
       0
       0
       0
       0
       0
       0
       0
       0
       0
       1
       0
       0
       0
       0
       0
       0
       0
       0
       0
       0
       0
       0
       0
       0
       0
       0
       0
       0
       1
       0
       0
       0
       0
       0
       0
       0
       0
       1
       0
       0
       0
       1
       1
       1
       0
       0
       1
       0
       0
       0
       0
       0
       0
       1
       0
       1
       0
       0
       1
       0
       0
       0
       1
       1
       0
       0
       0
       0
       1
       0
       0
       0
       0
       0
       1
       0
       0
       0
       0
       0
       1
       0
       0
       0
       0
       0
       0
       0
       0
       0
       0
       0
       0
       0
       0
       0
       0
       0
       0
       0
       1
       0
       0
       0
       0
       0
       0
       0
       0
       0
       0
       0
       0
       0
       0
       0
       0
       0
       0
       0
       0
       0
       0
       0
       1
       0
       0
       1
       0
       0
       0
       0
       0
       1
       0
       0
       0
       0
       0
       0
       0
       0
       0
       0
       0
       0
       0
       0
       0
       0
       0
       1
       0
       0
       0
       0
       0
       0
       0
       0
       0
       0
       0
       0
       0
       0
       0
       0
       1
       0
       0
       0
       0
       0
       0
       1
       0
       0
       0
       0
       0
       0
       0
       0
       0
       1
       0
       0
       0
       1
       0
       0
       1
       0
       0
       0
       0
       0
       0
       0
       0
       2
       0
       0
       0
       0
       0
       0
       0
       1
       0
       0
       0
       0
       0
       0
       1
       0
       1
       0
       0
       0
       1
       0
       0
       0
       0
       0
       1
       0
       0
       1
       0
       0
       0
       0
       0
       0
       0
       0
       0
       0
       0
       0
       0
       0
       1
       0
       0
       0
       0
       0
       0
       0
       0
       0
       0
       0
       0
       0
       0
       0
       0
       0
       0
       0
       0
       0
       0
       0
       0
       0
       0
       0
       0
       0
       0
       0
       0
       0
       0
       0
       0
       0
       0
       0
       1
       0
       1
       0
       0
       0
       0
       0
       0
       0
       0
       0
       0
       0
       0
       1
       0
       0
       0
       0
       0
       0
       0
       0
       0
       0
       0
       0
       0
       0
       0
       0
       0
       0
       0
       0
       0
       0
       0
       0
       0
       0
       1
       0
       0
       0
       0
       0
       0
       0
       0
       1
       0
       0
       0
       0
       0
       0
       0
       0
       0
       0
       0
       0
       0
       1
       0
       0
       0
       0
       0
       0
       0
       0
       0
       0
       0
       0
       0
       0
       0
       0
       1
       0
       0
       0
       0
       0
       0
       0
       0
       0
       0
       0
       0
       0
       0
       0
       1
       1
       0
       0
       0
       0
       0
       0
       0
       0
       0
       0
       0
       0
       0
       0
       0
       0
       0
       0
       0
       0
       0
       0
       0
       0
       0
       0
       0
       0
       0
       0
       1
       0
       1
       0
       0
       0
       0
       0
       0
       0
       0
       0
       0
       0
       0
       0
       0
       0
       1
       0
       0
       0
       0
       0
       0
       0
       0
       0
       0
       0
       0
       0
       0
       0
       1
       0
       0
       0
       0
       1
       0
       0
       0
       0
       0
       0
       0
       0
       0
       0
       0
       0
       0
       0
       0
       0
       0
       0
       0
       1
       0
       0
       0
       0
       0
       0
       0
       0
       0
       0
       0
       1
       0
       0
       1
       0
       1
       0
       0
       0
       0
       0
       1
       0
       0
       0
       0
       1
       0
       0
       0
       0
       1
       0
       0
       0
       0
       0
       1
       0
       0
       0
       0
       0
       0
       0
       0
       0
       0
       0
       0
       0
       0
       0
       0
       0
       0
       0
       0
       0
       0
       0
       0
       0
       0
       0
       0
       0
       0
       0
       0
       1
       0
       0
       0
       0
       0
       0
       0
       1
       0
       0
       0
       0
       1
       1
       0
       0
       1
       0
       0
       0
       0
       0
       0
       0
       0
       0
       0
       0
       0
       0
       0
       0
       0
       0
       0
       0
       0
       0
       0
       0
       1
       0
       0
       0
       1
       0
       0
       0
       0
       0
       0
       0
       0
       0
       0
       0
       0
       0
       0
       0
       1
       0
       0
       1
       0
       0
       0
       1
       0
       1
       0
       0
       0
       0
       0
       0
       0
       0
       1
       0
       0
       0
       0
       0
       0
       0
       1
       0
       0
       0
       0
       0
       0
       0
       0
       0
       0
       0
       0
       0
       0
       0
       0
       0
       0
       0
       0
       0
       1
       0
       0
       0
       0
       0
       0
       0
       0
       0
       0
       0
       0
       0
       0
       0
       0
       0
       0
       0
       0
       0
       0
       0
       0
       0
       0
       0
       0
       0
       0
       0
       0
       1
       0
       0
       0
       0
       0
       0
       0
       0
       0
       0
       0
       1
       0
       0
       0
       0
       0
       0
       0
       2
       0
       0
       0
       0
       0
       1
       0
       0
       0
       1
       0
       2
       0
       0
       0
       0
       0
       0
       0
       0
       0
       1
       0
       0
       0
       0
       0
       0
       0
       0
       0
       0
       0
       0
       1
       0
       0
       0
       0
       0
       1
       1
       0
       1
       0
       0
       0
       0
       1
       0
       0
       0
       1
       0
       0
       0
       0
       1
       0
       0
       1
       1
       1
       0
       0
       0
       0
       0
       0
       0
       1
       0
       1
       1
       0
       0
       0
       1
       0
       0
       1
       0
       0
       1
       0
       0
       1
       0
       0
       1
       0
       1
       0
       0
       0
       0
       1
       0
       0
       0
       0
       1
       1
       0
       0
       2
       0
       0
       0
       0
       1
       0
       0
       1
       1
       0
       1
       0
       1
       0
       0
       0
       1
       0
       0
       0
       0
       0
       0
       0
       0
       0
       0
       1
       0
       0
       2
       0
       0
       0
       0
       0
       0
       0
       0
       0
       1
       0
       0
       0
       0
       0
       0
       0
       0
       0
       0
       1
       0
       0
       2
       1
       1
       0
       0
       1
       0
       0
       0
       1
       0
       2
       0
       1
       1
       0
       0
       0
       1
       1
       0
       0
       2
       1
       0
       0
       0
       2
       0
       0
       0
       2
       0
       0
       1
       0
       0
       3
       0
       0
       0
       0
       1
       1
       1
       0
       0
       0
       0
       1
       0
       1
       0
       0
       0
       0
       0
       0
       1
       1
       1
       1
       0
       2
       0
       1
       1
       2
       1
       0
       0
       1
       2
       1
       4
       2
       3
       0
       4
       3
       1
       3
       2
       0
       2
       3
       4
       5
       4
       6
       6
       8
       3
       6
       1
       2
       0
       0
       0
       0
       0
       0
       0
       0
       0
       0
       0
       0
       0
       0
       0
       0
       0
       0
       0
       0
       0
       0
       0
       0
       0
       0
       0
       0
       0
       0
       0
       0
       0
       0
       0
       0
       0
       0
       0
       0
       0
       0
       0
       0
       0
       0
       0
       0
       0
       0
       0
       0
       0
       0
       0
       0
       0
       0
       0
       0
       0
       0
       0
       0
       0
       0
       0
       0
       0
       0
       0
       0
       0
       0
       0
       0
       0
       0
       0
       0
       0
       0
       0
       0
       0
       0
       0
       0
       0
       0
       0
       0
       0
       0
       0
       0
       0
       0
       0
       0
       0
       0
       0
       0
       0
       0
       0
       0
       0
       0
       0
       0
       0
       0
       0
       0
       0
       0
       0
       0
       0
       0
       0
       0
       0
       0
       0
       0
       0
       0
       0
       0
       0
       0
       0
       0
       0
       0
       0
       0
       0
       0
       0
       0
       0
       0
       0
       0
       0
       0
       0
       0
       0
       0
       0
       0
       0
       0
       0
       0
       0
       0
       0
       0
       0
       0
       0
       0
       0
       0
       0
       0
       0
       0
       0
       0
       0
       0
       0
       0
       0
       0
       0
       0
       0
       0
       0
       0
       0
       0
       0
       0
       0
       0
       0
       0
       0
       0
       0
       0
       0
       0
       0
       0
       0
       0
       0
       0
       0
       0
       0
       0
       0
       0
       0
       0
       0
       0
       0
       0
       0
       0
       0
       0
       0
       0
       0
       0
       0
       0
       0
       0
       0
       0
       0
       0
       0
       0
       0
       0
       0
       0
       0
       0
       0
       0
       0
       0
       0
       0
       0
       0
       0
       0
       0
       0
       0
       0
       0
       0
       0
       0
       0
       0
       0
       0
       0
       0
       0
       0
       0
       0
       0
       0
       0
       0
       0
       0
       0
       0
       0
       0
       0
       0
       0
       0
       0
       0
       0
       0
       0
       0
       0
       0
       0
       0
       0
       0
       0
       0
       0
       0
       0
       0
       0
       0
       0
       0
       0
       0
       0
       0
       0
       0
       0
       0
       0
       0
       0
       0
       0
       0
       0
       0
       0
       0
       0
       0
       0
       0
       0
       0
       0
       0
       0
       0
       0
       0
       0
       0
       0
       0
       0
       0
       0
       0
       0
       0
       0
       0
       0
       0
       0
       0
       0
       0
       0
       0
       0
       0
       0
       0
       0
       0
       0
       0
       0
       0
       0
       0
       0
       0
       0
       0
       0
       0
       0
       0
       0
       0
       0
       0
       0
       0
       0
       0
       0
       0
       0
       0
       0
       0
       0
       0
       0
$ROI:
3
5 213
215 1972
4034 4072
$PRESETS:
None
0
0
$ENER_FIT:
0.000000 0.000000
$MCA_CAL:
3
0.000000E+000 0.000000E+000 0.000000E+000 
$SHAPE_CAL:
3
0.000000E+000 0.000000E+000 0.000000E+000
