$SPEC_ID:
Silicon
$SPEC_REM:
DET# 3
DETDESC# 78-GP-NB0025 Model 928 SN 15355078
AP# Maestro Version 7.01
$DATE_MEA:
03/14/2024 22:35:28
$MEAS_TIM:
558 633
$DATA:
0 4095
       0
       0
       0
       0
       0
       0
       0
       0
       0
       0
       2
   64266
 3970331
 2143988
 1164477
 1040755
  906199
  720249
  553952
  446927
  377404
  324076
  277218
  239639
  206702
  178861
  155698
  135815
  118991
  104937
   92041
   81641
   71935
   63952
   56208
   49953
   43808
   38442
   34633
   30280
   26458
   23488
   20593
   18388
   16079
   13890
   12246
   10774
    9522
    8243
    7088
    6346
    5567
    4789
    4159
    3833
    3271
    2886
    2566
    2162
    2007
    1769
    1624
    1465
    1265
    1174
    1031
     941
     894
     781
     716
     715
     653
     649
     593
     539
     518
     504
     482
     446
     396
     395
     364
     370
     363
     354
     311
     311
     307
     295
     284
     306
     287
     256
     256
     258
     259
     220
     225
     240
     237
     228
     213
     204
     198
     212
     188
     185
     184
     183
     167
     154
     151
     154
     160
     149
     143
     137
     141
     141
     155
     127
     143
     125
     127
     133
     117
     127
     105
     122
     133
     134
     134
     117
     114
     116
     109
     109
     108
      90
      92
     111
     100
     105
      91
      87
      77
      78
      88
      79
      82
      78
      64
      80
      67
      79
      78
      70
      66
      74
      65
      82
      63
      63
      68
      77
      78
      71
      64
      56
      61
      46
      63
      52
      63
      66
      69
      64
      42
      64
      54
      40
      65
      54
      60
      60
      40
      45
      53
      47
      47
      58
      47
      58
      46
      36
      32
      46
      49
      47
      42
      40
      42
      38
      47
      41
      40
      36
      36
      44
      34
      34
      37
      40
      34
      28
      37
      28
      40
      33
      32
      35
      45
      30
      28
      27
      30
      42
      41
      32
      28
      42
      30
      39
      40
      29
      30
      32
      34
      31
      34
      36
      35
      32
      23
      31
      30
      28
      28
      26
      33
      30
      29
      22
      28
      31
      26
      30
      32
      17
      24
      24
      17
      39
      23
      28
      29
      25
      20
      21
      29
      22
      16
      19
      21
      37
      19
      22
      24
      26
      23
      18
      16
      23
      19
      21
      21
      17
      14
      20
      24
      23
      20
      18
      20
      20
      13
      32
      19
      16
      18
      28
      23
      20
      11
      18
      19
      14
      18
      12
      22
      15
      28
      10
      16
      21
      11
      12
      14
      24
      13
      15
      10
      13
      15
      12
      11
       8
      18
      22
      18
      18
      19
      20
      21
      16
      12
      21
      14
      17
      22
      16
      17
      10
      11
      11
       8
      14
       8
      17
      11
      20
      13
      10
       9
      16
       6
       9
      13
      13
      20
      11
      13
      13
      11
      12
      11
      13
      20
       7
      10
      14
      13
      19
      11
      13
      13
      16
      12
      13
      14
       8
       9
      12
      16
      22
      13
      11
       3
       5
       9
      10
       7
      14
       9
      11
       9
       5
       8
      10
      13
       9
      10
       7
       8
      10
       9
      13
      11
       6
      13
      18
      18
       6
       7
       8
      15
       6
      10
      17
       4
      10
      11
       8
       6
       6
      11
       9
      10
       7
      13
      10
       8
       6
       3
      11
      12
       7
       3
      11
       9
      10
       9
       8
      11
       5
       6
       9
       8
      14
       8
       8
       9
       5
       6
       5
       4
       4
      10
       5
       7
       5
       9
       6
       8
       7
      10
       4
       4
       7
       9
       6
       6
       7
       3
       4
       5
       9
       7
       6
       7
       7
       5
       8
      10
       5
       4
       8
       7
       6
       8
       5
       3
       3
       7
      10
       6
      10
       3
       9
       6
       6
       9
      11
       4
       7
       7
       5
       1
      11
       7
       6
       4
       0
       7
       5
       2
       4
       5
       6
       7
       7
       3
       6
       8
       8
       5
       7
       5
       3
       4
       1
       5
       3
       3
       4
       9
       6
       6
       9
       4
      13
       5
      10
       5
       4
       7
       5
       9
       4
       4
       6
       4
      12
       5
       4
       5
       3
       2
       3
       3
       6
       3
       7
       5
       1
       5
       6
       3
      12
       2
       9
       2
       7
       3
       6
       3
       4
       1
       4
       2
       3
       4
       6
       5
       3
       6
       6
       6
       3
       8
       4
       6
       6
       4
       3
       6
       8
       4
       5
       6
       2
       7
       4
       3
       3
       3
       4
       3
       5
       3
       7
       7
       2
       1
       3
       8
       3
       2
       6
       5
       4
       8
       3
       3
       5
       4
       3
       1
       0
       5
       9
       6
       2
       1
       3
       4
       3
       3
       3
       5
       3
       3
       2
       2
       2
       3
       1
       3
       4
       3
       3
       5
       2
       6
       3
       2
       5
       3
       4
       5
       4
       2
       2
       1
       3
       3
       2
       4
       2
       3
       3
       3
       2
       6
       3
       2
       1
       2
       2
       5
       3
       0
       1
       2
       1
       6
       3
       5
       3
       3
       0
       4
       2
       2
       3
       4
       4
       3
       4
       2
       3
       2
      10
       0
       7
       7
       3
       5
       3
       3
       3
       4
       2
       1
       1
       6
       4
       5
       0
       2
       3
       3
       4
       4
       1
       0
       0
       7
       0
       3
       2
       2
       2
       1
       6
       4
       2
       2
       1
       3
       4
       2
       2
       4
       3
       5
       1
       5
       0
       3
       4
       3
       3
       2
       5
       2
       2
       3
       3
       5
       3
       0
       3
       4
       1
       1
       3
       3
       1
       1
       0
       2
       1
       2
       4
       1
       2
       0
       3
       5
       0
       1
       2
       3
       5
       5
       2
       3
       4
       0
       2
       2
       0
       2
       1
       3
       1
       2
       1
       2
       3
       2
       4
       0
       2
       3
       1
       3
       6
       0
       1
       6
       0
       6
       4
       2
       5
       1
       2
       6
       3
       0
       3
       3
       2
       0
       0
       3
       1
       1
       3
       1
       2
       3
       2
       3
       1
       3
       1
       2
       2
       1
       1
       1
       1
       3
       1
       2
       0
       1
       4
       3
       1
       2
       2
       3
       3
       2
       0
       4
       2
       1
       2
       1
       3
       4
       2
       1
       2
       4
       0
       2
       4
       1
       1
       0
       5
       1
       3
       1
       2
       1
       1
       0
       0
       0
       1
       1
       3
       4
       2
       3
       1
       2
       2
       1
       2
       1
       1
       2
       2
       1
       3
       3
       2
       2
       1
       1
       2
       1
       1
       4
       1
       0
       3
       2
       4
       0
       1
       4
       2
       1
       0
       0
       3
       1
       2
       3
       2
       2
       4
       3
       1
       1
       3
       0
       0
       1
       1
       4
       0
       0
       0
       1
       2
       2
       1
       0
       2
       2
       2
       2
       2
       1
       0
       1
       2
       6
       0
       0
       1
       2
       1
       0
       4
       1
       1
       2
       0
       1
       0
       1
       1
       1
       2
       1
       0
       1
       3
       1
       3
       1
       0
       3
       0
       2
       0
       5
       2
       1
       1
       2
       2
       0
       1
       0
       2
       2
       1
       0
       0
       3
       1
       0
       0
       1
       0
       1
       3
       0
       1
       1
       2
       1
       0
       0
       0
       3
       0
       2
       2
       4
       1
       2
       2
       1
       2
       2
       4
       2
       2
       1
       2
       1
       1
       0
       3
       1
       0
       3
       1
       0
       1
       5
       1
       0
       2
       2
       2
       0
       0
       0
       4
       2
       3
       1
       0
       0
       1
       1
       0
       2
       1
       1
       2
       0
       0
       2
       2
       1
       0
       0
       1
       2
       2
       0
       0
       1
       1
       1
       4
       0
       0
       1
       1
       2
       1
       0
       0
       2
       1
       1
       2
       1
       1
       3
       0
       1
       0
       1
       2
       3
       0
       2
       1
       1
       2
       1
       3
       1
       0
       2
       0
       0
       2
       2
       1
       3
       0
       2
       3
       0
       1
       0
       1
       1
       1
       0
       0
       3
       2
       1
       2
       2
       1
       0
       0
       1
       2
       1
       0
       0
       1
       0
       0
       1
       2
       0
       1
       0
       0
       0
       2
       1
       0
       2
       2
       1
       0
       0
       1
       1
       0
       3
       1
       3
       0
       1
       1
       1
       2
       0
       0
       1
       2
       2
       1
       0
       1
       1
       3
       2
       1
       0
       0
       0
       1
       2
       1
       3
       1
       1
       1
       0
       0
       1
       2
       0
       3
       0
       2
       3
       1
       0
       1
       2
       1
       1
       1
       2
       1
       2
       0
       1
       0
       2
       0
       0
       1
       2
       2
       1
       0
       0
       0
       2
       1
       0
       1
       1
       1
       1
       2
       4
       1
       1
       1
       2
       2
       1
       2
       4
       4
       2
       0
       0
       0
       1
       2
       0
       1
       1
       0
       1
       0
       1
       0
       1
       0
       1
       1
       1
       1
       0
       1
       1
       2
       1
       2
       0
       0
       0
       0
       0
       0
       0
       0
       0
       1
       0
       1
       1
       2
       2
       1
       0
       3
       0
       1
       2
       0
       0
       0
       0
       1
       0
       1
       1
       0
       0
       0
       0
       2
       0
       1
       2
       2
       0
       2
       0
       0
       0
       1
       0
       1
       1
       1
       1
       1
       0
       3
       2
       2
       0
       1
       0
       2
       0
       0
       0
       2
       1
       0
       0
       1
       0
       0
       0
       1
       1
       1
       2
       1
       0
       0
       0
       1
       1
       1
       1
       0
       1
       0
       2
       0
       0
       0
       1
       0
       1
       0
       3
       1
       1
       0
       1
       0
       0
       1
       0
       0
       0
       2
       0
       1
       3
       0
       0
       0
       0
       0
       0
       0
       0
       0
       1
       0
       1
       0
       1
       0
       0
       0
       1
       0
       0
       1
       0
       1
       0
       0
       0
       0
       0
       0
       1
       1
       0
       0
       2
       0
       0
       2
       0
       0
       1
       0
       0
       0
       1
       2
       0
       1
       2
       1
       2
       1
       1
       3
       0
       1
       0
       1
       0
       1
       0
       1
       2
       1
       1
       0
       1
       0
       0
       2
       1
       1
       1
       0
       0
       1
       1
       1
       0
       0
       0
       1
       0
       0
       1
       2
       3
       1
       0
       1
       1
       0
       0
       0
       1
       0
       0
       0
       1
       0
       1
       1
       1
       1
       1
       0
       0
       0
       4
       2
       1
       0
       1
       1
       1
       1
       1
       0
       0
       0
       0
       2
       1
       0
       1
       0
       1
       0
       1
       0
       1
       1
       0
       0
       0
       0
       1
       0
       1
       0
       0
       1
       1
       0
       0
       0
       0
       0
       0
       0
       0
       0
       0
       1
       0
       1
       1
       0
       0
       0
       0
       0
       1
       1
       2
       1
       0
       0
       1
       2
       0
       0
       0
       0
       2
       1
       0
       0
       1
       0
       0
       2
       0
       1
       0
       1
       1
       0
       0
       0
       1
       0
       0
       1
       0
       0
       0
       0
       0
       0
       0
       1
       1
       1
       2
       4
       1
       1
       0
       0
       0
       1
       1
       0
       1
       1
       0
       0
       1
       0
       1
       1
       0
       0
       0
       2
       0
       0
       2
       0
       0
       0
       0
       1
       2
       0
       1
       1
       0
       1
       0
       0
       0
       0
       1
       0
       0
       0
       0
       0
       1
       0
       0
       1
       0
       0
       0
       0
       0
       1
       1
       0
       0
       0
       1
       0
       0
       1
       0
       1
       1
       1
       0
       0
       0
       0
       1
       2
       0
       0
       0
       1
       0
       1
       3
       1
       0
       1
       0
       1
       1
       0
       1
       1
       0
       2
       1
       1
       1
       1
       1
       0
       0
       2
       0
       1
       0
       2
       2
       2
       0
       0
       0
       1
       1
       0
       0
       0
       1
       1
       0
       0
       3
       0
       0
       0
       1
       1
       1
       0
       1
       1
       1
       1
       0
       0
       0
       0
       0
       0
       0
       0
       3
       0
       2
       2
       1
       0
       2
       1
       1
       0
       0
       0
       2
       1
       0
       0
       1
       0
       0
       0
       0
       2
       0
       0
       0
       0
       0
       0
       1
       0
       0
       0
       1
       2
       0
       0
       0
       0
       0
       0
       1
       0
       1
       0
       1
       1
       0
       0
       1
       0
       1
       0
       0
       0
       1
       3
       0
       0
       0
       1
       0
       3
       0
       1
       0
       3
       0
       0
       0
       0
       1
       1
       0
       0
       1
       0
       2
       0
       0
       0
       1
       0
       0
       0
       0
       1
       0
       2
       1
       0
       0
       0
       0
       0
       0
       0
       0
       0
       0
       0
       0
       0
       1
       1
       0
       0
       0
       2
       0
       1
       0
       0
       0
       0
       0
       0
       0
       0
       0
       0
       1
       1
       0
       0
       0
       0
       0
       0
       2
       1
       0
       0
       0
       0
       0
       0
       0
       0
       0
       0
       1
       2
       0
       0
       0
       0
       0
       0
       0
       0
       0
       0
       0
       0
       0
       0
       0
       2
       2
       0
       0
       1
       0
       0
       0
       0
       0
       0
       0
       1
       0
       1
       1
       0
       0
       1
       0
       1
       0
       0
       1
       1
       0
       1
       1
       0
       0
       0
       1
       0
       0
       2
       0
       1
       1
       0
       1
       0
       0
       1
       0
       2
       2
       1
       1
       0
       0
       3
       0
       0
       0
       1
       0
       0
       0
       1
       0
       0
       1
       1
       2
       0
       1
       0
       0
       1
       0
       1
       0
       0
       0
       1
       1
       2
       0
       0
       1
       0
       1
       0
       0
       1
       0
       0
       2
       0
       1
       0
       1
       1
       1
       0
       0
       0
       0
       1
       0
       1
       0
       0
       1
       0
       1
       0
       1
       0
       1
       1
       0
       1
       0
       2
       1
       1
       0
       0
       1
       0
       0
       0
       0
       0
       1
       1
       1
       1
       0
       2
       0
       0
       0
       0
       0
       0
       0
       1
       0
       0
       0
       0
       2
       0
       0
       0
       0
       1
       0
       0
       0
       0
       2
       0
       1
       1
       0
       0
       0
       0
       1
       0
       0
       0
       0
       0
       0
       0
       0
       0
       0
       1
       0
       0
       0
       0
       1
       0
       0
       0
       0
       0
       1
       1
       0
       0
       0
       0
       0
       1
       2
       0
       1
       0
       0
       0
       0
       0
       0
       0
       0
       1
       0
       1
       0
       0
       0
       0
       0
       0
       1
       3
       1
       0
       0
       0
       0
       0
       0
       0
       0
       0
       1
       0
       1
       0
       1
       0
       0
       0
       0
       0
       1
       0
       2
       0
       0
       0
       1
       0
       0
       1
       0
       1
       0
       0
       1
       0
       0
       1
       1
       0
       0
       1
       0
       0
       1
       1
       0
       0
       1
       0
       0
       0
       0
       1
       0
       1
       0
       2
       0
       0
       1
       0
       0
       0
       0
       2
       0
       1
       0
       0
       0
       0
       0
       0
       1
       0
       0
       0
       0
       0
       0
       0
       0
       0
       0
       0
       0
       0
       0
       1
       0
       0
       0
       0
       0
       0
       0
       0
       0
       0
       0
       0
       0
       0
       0
       0
       0
       1
       0
       0
       1
       0
       0
       0
       0
       1
       1
       0
       1
       0
       0
       0
       0
       0
       0
       0
       0
       0
       0
       0
       0
       0
       0
       0
       0
       0
       1
       0
       0
       0
       0
       0
       0
       0
       0
       1
       0
       0
       0
       0
       0
       0
       1
       0
       0
       0
       0
       0
       0
       0
       0
       1
       0
       0
       0
       0
       0
       1
       1
       0
       0
       1
       1
       0
       1
       0
       0
       1
       1
       1
       0
       0
       0
       0
       0
       1
       0
       0
       0
       0
       1
       2
       0
       0
       0
       1
       0
       0
       0
       0
       0
       0
       0
       0
       0
       0
       1
       0
       1
       0
       0
       0
       1
       0
       0
       1
       1
       0
       1
       0
       0
       0
       0
       0
       0
       1
       0
       0
       0
       0
       0
       0
       0
       2
       0
       1
       0
       0
       0
       0
       1
       0
       0
       1
       0
       1
       1
       0
       0
       0
       1
       0
       1
       1
       0
       0
       0
       1
       0
       1
       0
       0
       0
       0
       1
       0
       0
       0
       0
       0
       0
       0
       0
       0
       0
       0
       0
       0
       0
       1
       0
       0
       0
       1
       0
       0
       0
       0
       0
       0
       1
       0
       0
       0
       0
       0
       0
       0
       0
       1
       1
       1
       0
       0
       0
       0
       0
       1
       0
       0
       0
       1
       0
       1
       0
       0
       1
       1
       0
       0
       1
       1
       1
       0
       0
       0
       0
       0
       0
       0
       0
       1
       0
       0
       0
       0
       1
       0
       1
       0
       0
       0
       0
       0
       0
       2
       0
       0
       1
       2
       0
       0
       0
       0
       1
       0
       1
       0
       0
       0
       0
       0
       0
       0
       0
       0
       0
       0
       0
       0
       0
       1
       0
       0
       1
       0
       0
       1
       0
       0
       0
       1
       0
       0
       1
       1
       0
       0
       1
       0
       0
       0
       0
       0
       0
       0
       1
       0
       0
       0
       0
       0
       0
       1
       0
       0
       1
       0
       0
       0
       0
       0
       0
       0
       0
       0
       0
       0
       0
       0
       0
       0
       0
       0
       0
       0
       0
       0
       1
       0
       0
       0
       0
       0
       0
       0
       0
       1
       0
       0
       0
       0
       0
       0
       0
       0
       0
       0
       0
       0
       0
       0
       0
       0
       0
       0
       0
       0
       0
       0
       0
       0
       0
       0
       1
       0
       0
       0
       0
       0
       0
       0
       0
       0
       0
       0
       0
       0
       0
       0
       0
       0
       0
       0
       0
       0
       0
       0
       0
       0
       0
       0
       0
       1
       0
       0
       0
       0
       0
       0
       0
       0
       0
       0
       0
       0
       0
       1
       0
       0
       0
       0
       0
       0
       1
       0
       0
       2
       0
       0
       0
       0
       0
       0
       0
       0
       0
       0
       0
       0
       0
       0
       0
       1
       0
       0
       0
       0
       1
       0
       0
       1
       0
       0
       0
       0
       0
       0
       0
       0
       1
       0
       0
       0
       0
       0
       0
       0
       0
       1
       0
       0
       2
       0
       0
       0
       0
       0
       0
       0
       1
       0
       0
       0
       0
       0
       0
       0
       0
       0
       0
       0
       0
       0
       0
       0
       0
       0
       0
       0
       0
       0
       0
       0
       0
       0
       0
       0
       1
       0
       0
       0
       1
       1
       0
       0
       0
       0
       0
       0
       0
       0
       0
       0
       0
       0
       1
       0
       0
       0
       0
       0
       0
       0
       0
       0
       1
       0
       0
       1
       0
       1
       1
       1
       0
       0
       0
       0
       1
       0
       0
       0
       0
       0
       0
       1
       0
       0
       0
       1
       0
       1
       0
       0
       0
       2
       0
       1
       0
       0
       0
       0
       0
       0
       0
       0
       0
       0
       0
       0
       0
       0
       0
       1
       0
       0
       0
       0
       0
       0
       1
       0
       1
       0
       0
       0
       0
       0
       0
       0
       0
       0
       1
       1
       0
       0
       0
       0
       0
       0
       0
       0
       0
       0
       0
       0
       0
       0
       1
       0
       0
       0
       0
       1
       0
       0
       1
       0
       0
       1
       0
       0
       0
       0
       0
       0
       0
       0
       0
       0
       0
       0
       1
       0
       0
       0
       0
       0
       0
       0
       0
       1
       0
       0
       0
       0
       1
       0
       0
       0
       1
       0
       2
       0
       0
       0
       0
       0
       0
       0
       0
       0
       0
       0
       1
       0
       1
       0
       0
       0
       0
       1
       0
       0
       0
       0
       0
       0
       0
       0
       0
       0
       0
       0
       0
       0
       0
       0
       0
       0
       0
       0
       0
       0
       0
       0
       0
       0
       0
       0
       0
       0
       0
       0
       0
       1
       0
       0
       0
       0
       0
       0
       0
       0
       0
       0
       0
       0
       0
       0
       0
       1
       0
       0
       0
       0
       0
       0
       0
       0
       0
       0
       0
       0
       0
       0
       0
       0
       0
       0
       1
       0
       1
       0
       0
       0
       0
       0
       0
       0
       0
       0
       0
       0
       1
       0
       0
       0
       0
       0
       0
       0
       1
       0
       1
       0
       0
       0
       0
       0
       2
       0
       0
       0
       1
       1
       0
       1
       0
       0
       0
       0
       0
       0
       0
       0
       0
       0
       2
       0
       0
       0
       0
       0
       0
       0
       0
       0
       0
       0
       0
       0
       1
       0
       0
       1
       0
       0
       0
       0
       0
       0
       0
       0
       0
       0
       1
       0
       0
       0
       0
       0
       0
       1
       0
       0
       0
       0
       0
       0
       1
       0
       0
       0
       0
       0
       0
       1
       0
       0
       0
       0
       0
       0
       0
       0
       0
       0
       0
       0
       0
       1
       0
       0
       0
       0
       0
       0
       0
       0
       0
       0
       0
       1
       0
       0
       0
       0
       0
       1
       0
       0
       0
       1
       0
       1
       0
       1
       0
       0
       0
       1
       0
       0
       0
       0
       0
       0
       0
       0
       1
       0
       1
       0
       0
       0
       1
       0
       0
       0
       0
       0
       0
       0
       0
       0
       0
       0
       0
       0
       0
       1
       0
       0
       0
       0
       0
       0
       1
       0
       0
       0
       0
       0
       0
       0
       0
       0
       0
       0
       0
       0
       0
       0
       0
       0
       0
       1
       0
       0
       0
       0
       0
       0
       1
       0
       0
       2
       0
       0
       0
       0
       0
       0
       1
       0
       0
       0
       0
       0
       0
       0
       0
       0
       1
       0
       0
       0
       1
       0
       0
       0
       0
       0
       0
       0
       0
       0
       0
       0
       0
       0
       0
       0
       0
       0
       0
       0
       0
       0
       0
       1
       0
       0
       0
       1
       1
       1
       0
       0
       0
       0
       0
       0
       1
       0
       0
       0
       0
       0
       1
       0
       0
       0
       0
       0
       0
       0
       0
       0
       0
       0
       0
       0
       0
       0
       0
       0
       0
       0
       0
       0
       0
       0
       1
       0
       0
       0
       0
       0
       0
       0
       0
       1
       0
       0
       0
       0
       0
       0
       1
       0
       0
       0
       0
       0
       0
       0
       0
       0
       0
       0
       0
       0
       1
       0
       0
       0
       0
       0
       0
       1
       0
       0
       2
       0
       0
       0
       0
       0
       0
       0
       0
       0
       0
       0
       0
       0
       0
       0
       0
       0
       0
       0
       0
       0
       0
       1
       0
       0
       0
       0
       1
       0
       0
       0
       0
       0
       1
       0
       0
       0
       0
       0
       0
       0
       0
       0
       0
       1
       0
       1
       0
       0
       0
       0
       0
       0
       0
       0
       0
       0
       0
       0
       0
       0
       1
       0
       0
       0
       0
       0
       0
       0
       0
       0
       0
       0
       0
       0
       0
       0
       0
       0
       0
       0
       0
       0
       0
       0
       1
       0
       0
       0
       0
       0
       0
       0
       1
       0
       0
       0
       0
       1
       0
       0
       0
       0
       0
       0
       0
       0
       0
       0
       0
       0
       0
       1
       0
       0
       0
       0
       0
       1
       0
       1
       0
       0
       0
       0
       0
       0
       0
       0
       0
       0
       0
       0
       0
       0
       0
       0
       0
       0
       1
       0
       0
       1
       0
       0
       0
       0
       0
       0
       0
       0
       0
       0
       0
       0
       0
       0
       0
       0
       0
       0
       0
       0
       1
       0
       0
       0
       0
       0
       0
       0
       0
       0
       0
       0
       0
       0
       0
       0
       1
       0
       1
       0
       0
       1
       0
       0
       0
       0
       1
       0
       0
       0
       0
       0
       0
       0
       0
       0
       0
       0
       0
       0
       0
       0
       0
       0
       0
       1
       0
       0
       0
       0
       0
       0
       0
       0
       1
       1
       0
       0
       0
       0
       0
       1
       0
       0
       1
       0
       0
       0
       0
       0
       0
       0
       0
       0
       1
       0
       0
       0
       0
       0
       0
       0
       0
       0
       0
       0
       0
       0
       0
       1
       1
       1
       1
       0
       0
       0
       0
       0
       0
       0
       0
       1
       0
       1
       0
       0
       0
       0
       0
       0
       0
       0
       0
       0
       0
       0
       0
       0
       0
       0
       0
       0
       0
       2
       0
       1
       0
       0
       1
       1
       0
       0
       1
       1
       0
       1
       0
       1
       0
       0
       1
       0
       0
       0
       1
       0
       1
       0
       0
       1
       0
       0
       0
       1
       0
       3
       0
       0
       1
       0
       0
       0
       2
       0
       0
       0
       0
       0
       1
       0
       0
       0
       0
       0
       0
       1
       0
       2
       0
       1
       0
       3
       0
       0
       0
       0
       0
       0
       1
       0
       0
       1
       0
       0
       2
       1
       0
       1
       1
       0
       0
       0
       0
       0
       0
       1
       0
       1
       2
       0
       0
       0
       0
       0
       1
       1
       1
       2
       1
       0
       0
       0
       0
       0
       1
       0
       1
       2
       1
       0
       3
       0
       0
       1
       0
       1
       1
       1
       4
       3
       2
       3
       3
       0
       0
       1
       1
       1
       0
       3
       3
       4
       5
       4
       2
       1
       0
       0
       0
       0
       0
       0
       0
       0
       0
       0
       0
       0
       0
       0
       0
       0
       0
       0
       0
       0
       0
       0
       0
       0
       0
       0
       0
       0
       0
       0
       0
       0
       0
       0
       0
       0
       0
       0
       0
       0
       0
       0
       0
       0
       0
       0
       0
       0
       0
       0
       0
       0
       0
       0
       0
       0
       0
       0
       0
       0
       0
       0
       0
       0
       0
       0
       0
       0
       0
       0
       0
       0
       0
       0
       0
       0
       0
       0
       0
       0
       0
       0
       0
       0
       0
       0
       0
       0
       0
       0
       0
       0
       0
       0
       0
       0
       0
       0
       0
       0
       0
       0
       0
       0
       0
       0
       0
       0
       0
       0
       0
       0
       0
       0
       0
       0
       0
       0
       0
       0
       0
       0
       0
       0
       0
       0
       0
       0
       0
       0
       0
       0
       0
       0
       0
       0
       0
       0
       0
       0
       0
       0
       0
       0
       0
       0
       0
       0
       0
       0
       0
       0
       0
       0
       0
       0
       0
       0
       0
       0
       0
       0
       0
       0
       0
       0
       0
       0
       0
       0
       0
       0
       0
       0
       0
       0
       0
       0
       0
       0
       0
       0
       0
       0
       0
       0
       0
       0
       0
       0
       0
       0
       0
       0
       0
       0
       0
       0
       0
       0
       0
       0
       0
       0
       0
       0
       0
       0
       0
       0
       0
       0
       0
       0
       0
       0
       0
       0
       0
       0
       0
       0
       0
       0
       0
       0
       0
       0
       0
       0
       0
       0
       0
       0
       0
       0
       0
       0
       0
       0
       0
       0
       0
       0
       0
       0
       0
       0
       0
       0
       0
       0
       0
       0
       0
       0
       0
       0
       0
       0
       0
       0
       0
       0
       0
       0
       0
       0
       0
       0
       0
       0
       0
       0
       0
       0
       0
       0
       0
       0
       0
       0
       0
       0
       0
       0
       0
       0
       0
       0
       0
       0
       0
       0
       0
       0
       0
       0
       0
       0
       0
       0
       0
       0
       0
       0
       0
       0
       0
       0
       0
       0
       0
       0
       0
       0
       0
       0
       0
       0
       0
       0
       0
       0
       0
       0
       0
       0
       0
       0
       0
       0
       0
       0
       0
       0
       0
       0
       0
       0
       0
       0
       0
       0
       0
       0
       0
       0
       0
       0
       0
       0
       0
       0
       0
       0
       0
       0
       0
       0
       0
       0
       0
       0
       0
       0
       0
       0
       0
       0
       0
       0
       0
       0
       0
       0
       0
       0
       0
       0
       0
       0
       0
       0
       0
       0
       0
       0
       0
       0
       0
       0
       0
       0
       0
       0
       0
       0
       0
       0
       0
       0
       0
       0
       0
       0
       0
       0
       0
       0
       0
       0
       0
       0
$ROI:
3
5 213
215 1972
4034 4072
$PRESETS:
None
0
0
$ENER_FIT:
0.000000 0.000000
$MCA_CAL:
3
0.000000E+000 0.000000E+000 0.000000E+000 
$SHAPE_CAL:
3
0.000000E+000 0.000000E+000 0.000000E+000
