$SPEC_ID:
Silicon
$SPEC_REM:
DET# 3
DETDESC# 78-GP-NB0025 Model 928 SN 15355078
AP# Maestro Version 7.01
$DATE_MEA:
03/14/2024 22:21:53
$MEAS_TIM:
571 650
$DATA:
0 4095
       0
       0
       0
       0
       0
       0
       0
       0
       0
       0
       1
   75443
 4188247
 2274242
 1204241
 1078494
  962652
  782615
  598592
  468715
  392014
  335205
  287122
  247655
  213443
  185505
  160314
  140607
  122709
  107394
   94377
   83939
   74164
   65551
   57621
   50900
   44812
   39905
   35360
   30925
   27070
   24335
   21257
   18505
   16375
   14379
   12291
   11087
    9643
    8268
    7371
    6411
    5639
    4927
    4293
    3773
    3306
    2935
    2640
    2388
    1994
    1854
    1661
    1478
    1314
    1191
    1060
    1045
     901
     775
     766
     692
     687
     614
     577
     570
     525
     481
     470
     405
     398
     400
     372
     336
     305
     354
     300
     324
     305
     305
     291
     274
     257
     247
     264
     254
     253
     253
     248
     242
     204
     239
     210
     192
     181
     169
     193
     185
     204
     155
     168
     151
     175
     172
     167
     160
     141
     153
     151
     147
     154
     134
     155
     121
     124
     124
     115
     123
     111
     121
      88
     132
     124
      90
     129
     115
     105
     113
      95
     111
      91
      92
      99
      69
     100
      96
     100
      83
      96
      82
      81
      74
      71
      84
      88
      82
      82
      63
      75
      69
      80
      80
      75
      64
      69
      78
      81
      68
      51
      66
      65
      59
      55
      47
      55
      52
      50
      50
      60
      63
      51
      59
      59
      40
      47
      58
      46
      57
      43
      52
      46
      53
      42
      63
      48
      48
      34
      45
      42
      56
      49
      42
      45
      33
      43
      38
      55
      54
      41
      37
      50
      39
      42
      34
      31
      45
      31
      34
      64
      33
      47
      27
      33
      42
      29
      32
      31
      33
      28
      31
      32
      27
      44
      31
      42
      32
      37
      45
      34
      35
      40
      25
      31
      26
      28
      29
      34
      35
      29
      22
      30
      25
      20
      25
      28
      28
      25
      30
      31
      37
      25
      18
      24
      21
      30
      15
      23
      18
      22
      20
      22
      23
      40
      17
      20
      18
      14
      20
      27
      20
      28
      29
      22
      11
      21
      15
      21
      17
      19
      22
      15
      19
      21
      22
      23
      18
      17
      22
      15
      31
      20
      20
      23
      17
      16
      21
      11
      21
      22
      27
      15
      20
      23
      21
      19
       9
      15
      10
      23
      14
      20
      20
      16
      21
      17
      14
      14
      15
       7
      17
      15
       9
      17
      12
      12
       6
      17
      14
      12
      12
      12
      14
      21
      11
      15
      14
      18
       9
      15
      12
      19
      11
      16
      13
      13
      17
       8
      13
      13
      15
      12
       6
      10
      10
      12
      17
      19
      16
       8
      11
      12
      15
      14
      14
       9
       6
      10
      10
      13
      19
      16
      10
       5
      11
       5
      15
       5
      13
      15
      15
       6
      11
       6
       9
      18
      10
      16
      14
      11
      15
      12
      17
       8
      12
      11
      13
      14
      12
      10
       5
       8
      13
       7
      13
      16
       8
       8
      16
      14
      11
       9
      11
       7
       8
      13
      14
       9
       8
       7
      16
       9
      13
      12
       8
       7
       9
      10
       6
       7
       8
       6
      10
       5
      13
      10
       5
       9
       4
       9
      10
       9
       3
      11
       5
       8
       7
       7
      11
       3
       8
       6
       4
       9
       6
      12
       5
      13
       6
       7
      13
       9
       5
       8
       8
       5
       6
       8
       7
       7
       5
       5
       8
       7
       3
       9
       9
       5
       7
       8
       5
       4
      11
       3
       7
       7
       7
       4
       9
       2
       9
      11
       4
       5
       5
       5
      11
       4
       6
       4
       9
       6
       7
       7
       7
       3
       8
       5
       7
       6
       5
       2
       6
       4
       8
       5
       4
      10
       6
       7
      12
       3
       9
       6
       6
       4
       3
       5
       4
       2
       2
       5
       5
       4
       5
      13
       7
       8
       5
       2
       3
       8
       3
       5
       5
       7
       3
       4
      10
       3
       6
       2
       7
       3
       4
       9
       4
       4
      10
       5
       4
       6
       7
       6
       4
       8
       0
       3
       0
       1
       8
       6
       8
       2
       6
       6
       3
       7
       5
       6
       3
       5
       4
       4
       4
      12
      10
       5
       5
       5
       2
       4
       7
       3
       5
       4
       3
       2
       4
       3
       3
       8
       5
       6
       3
       6
       3
       2
       6
       4
       3
       7
       4
       7
       5
       2
       5
       6
       7
       4
       2
       5
       3
       5
       8
       6
       6
       7
       3
       4
       3
       6
       8
       4
       4
       3
       1
       5
       4
       2
       3
       6
       3
       1
       2
       3
       4
       6
       2
       3
       6
       8
       1
       6
       3
       2
       8
       4
       2
       5
       4
       3
       2
       3
       2
       2
       4
       5
       3
       3
       2
       7
       4
       1
       1
       4
       4
       6
       3
       0
       7
       4
       3
       2
       6
       4
       4
       4
       5
       3
       4
       5
       3
       3
       5
       3
       3
       6
       4
       0
       4
       2
       1
       4
       2
       4
       1
       3
       3
       4
       3
       3
       4
       1
       1
       4
       2
       3
       1
       3
       0
       3
       4
       1
       2
       3
       2
       0
       1
       4
       2
       2
       3
       4
       2
       1
       4
       3
       5
       3
       0
       1
       1
       3
       3
       4
       3
       1
       5
       2
       4
       0
       1
       1
       2
       1
       1
       1
       5
       5
       1
       3
       3
       4
       3
       1
       5
       6
       3
       4
       2
       5
       0
       4
       2
       2
       2
       1
       2
       2
       4
       2
       2
       4
       4
       5
       5
       1
       4
       4
       3
       6
       4
       4
       2
       1
       3
       4
       3
       2
       1
       0
       3
       3
       3
       2
       5
       3
       2
       2
       4
       3
       2
       5
       2
       1
       0
       0
       1
       2
       1
       2
       3
       1
       3
       1
       1
       0
       0
       7
       1
       3
       3
       1
       0
       1
       1
       1
       5
       0
       4
       2
       2
       1
       0
       1
       3
       3
       4
       3
       8
       7
       1
       4
       8
       0
       3
       1
       3
       1
       2
       3
       0
       2
       2
       0
       0
       1
       1
       3
       1
       0
       1
       3
       2
       0
       1
       1
       2
       1
       1
       2
       1
       1
       2
       1
       3
       1
       3
       4
       2
       0
       3
       3
       1
       1
       3
       0
       1
       3
       1
       1
       0
       3
       2
       1
       2
       0
       3
       2
       1
       5
       3
       1
       2
       1
       1
       1
       1
       2
       1
       2
       0
       2
       4
       1
       1
       3
       1
       0
       3
       0
       4
       1
       1
       1
       2
       2
       2
       3
       5
       3
       3
       2
       1
       3
       3
       0
       2
       1
       4
       1
       3
       2
       3
       0
       1
       3
       1
       1
       0
       3
       3
       1
       1
       0
       2
       2
       1
       0
       0
       0
       2
       1
       2
       0
       2
       1
       1
       0
       3
       1
       2
       1
       6
       2
       2
       3
       1
       2
       2
       3
       2
       1
       2
       0
       0
       0
       2
       2
       3
       1
       1
       0
       2
       3
       1
       3
       0
       1
       1
       0
       0
       1
       1
       1
       0
       0
       0
       0
       3
       2
       3
       2
       0
       4
       0
       1
       0
       0
       1
       1
       1
       2
       1
       2
       1
       4
       1
       1
       0
       1
       0
       2
       0
       0
       0
       0
       2
       3
       2
       0
       2
       2
       0
       1
       1
       0
       0
       2
       1
       1
       2
       2
       0
       2
       1
       3
       0
       2
       0
       1
       1
       2
       1
       0
       2
       0
       2
       2
       0
       1
       0
       1
       2
       2
       1
       0
       0
       2
       0
       0
       1
       3
       1
       1
       0
       1
       1
       1
       2
       2
       0
       2
       1
       0
       2
       0
       3
       0
       1
       1
       2
       2
       1
       0
       2
       2
       2
       1
       3
       1
       0
       1
       2
       4
       1
       1
       2
       2
       3
       1
       0
       0
       1
       2
       2
       0
       0
       1
       2
       0
       1
       0
       2
       1
       0
       0
       1
       0
       1
       0
       0
       0
       2
       1
       1
       1
       2
       0
       2
       0
       1
       0
       2
       0
       2
       1
       3
       1
       2
       3
       1
       0
       2
       0
       2
       2
       2
       0
       1
       0
       1
       2
       0
       0
       0
       0
       2
       0
       1
       0
       1
       3
       4
       3
       3
       1
       1
       2
       2
       0
       1
       1
       2
       1
       3
       0
       1
       1
       0
       0
       0
       2
       0
       2
       1
       1
       0
       1
       1
       2
       0
       0
       0
       1
       0
       0
       1
       1
       0
       0
       0
       1
       0
       0
       1
       2
       0
       1
       2
       1
       1
       2
       0
       2
       2
       0
       0
       2
       1
       0
       0
       1
       2
       2
       1
       1
       1
       0
       0
       1
       1
       0
       1
       0
       1
       0
       0
       0
       0
       0
       2
       2
       0
       0
       1
       3
       1
       0
       0
       0
       0
       0
       1
       0
       1
       0
       0
       1
       0
       1
       0
       2
       0
       2
       2
       2
       3
       1
       0
       1
       0
       1
       1
       0
       1
       1
       3
       2
       1
       2
       0
       1
       0
       1
       0
       2
       0
       0
       0
       2
       1
       0
       0
       0
       2
       1
       1
       1
       0
       0
       1
       0
       1
       0
       0
       0
       1
       0
       0
       0
       1
       1
       2
       0
       0
       4
       0
       1
       1
       1
       0
       2
       0
       2
       1
       0
       0
       1
       0
       1
       0
       1
       0
       0
       0
       1
       2
       1
       0
       0
       0
       0
       1
       0
       1
       1
       0
       0
       1
       0
       0
       0
       1
       0
       0
       2
       1
       0
       0
       0
       0
       0
       1
       0
       1
       1
       0
       1
       0
       1
       4
       0
       1
       0
       1
       0
       0
       0
       0
       2
       0
       0
       1
       0
       0
       0
       0
       2
       0
       0
       0
       0
       0
       1
       0
       0
       0
       0
       1
       1
       0
       1
       1
       2
       1
       1
       0
       1
       0
       0
       3
       1
       0
       1
       1
       1
       1
       0
       0
       2
       0
       1
       2
       0
       0
       0
       1
       0
       0
       0
       0
       1
       2
       1
       1
       1
       1
       0
       0
       1
       1
       1
       2
       0
       0
       0
       2
       0
       1
       0
       1
       3
       0
       0
       1
       0
       0
       2
       1
       0
       0
       2
       0
       0
       1
       1
       1
       0
       0
       0
       1
       0
       0
       0
       0
       1
       0
       0
       0
       0
       0
       1
       0
       0
       0
       0
       2
       0
       0
       0
       1
       1
       1
       0
       0
       0
       0
       0
       0
       0
       1
       0
       0
       0
       2
       0
       2
       0
       1
       2
       0
       0
       0
       1
       0
       0
       1
       3
       0
       0
       0
       0
       0
       1
       3
       0
       1
       2
       0
       1
       1
       0
       0
       0
       0
       1
       0
       0
       1
       0
       0
       0
       0
       0
       1
       0
       0
       0
       1
       2
       0
       1
       0
       0
       1
       1
       0
       0
       0
       0
       0
       0
       1
       2
       1
       0
       0
       0
       0
       0
       0
       0
       1
       0
       0
       3
       1
       1
       0
       1
       0
       0
       0
       0
       0
       1
       1
       1
       2
       0
       0
       0
       1
       0
       0
       0
       0
       0
       0
       3
       1
       0
       0
       0
       0
       0
       1
       1
       0
       0
       2
       0
       0
       0
       0
       0
       1
       0
       0
       1
       0
       1
       2
       2
       1
       2
       2
       1
       2
       1
       1
       1
       1
       0
       1
       1
       0
       1
       1
       1
       0
       1
       1
       0
       2
       0
       2
       0
       1
       0
       2
       0
       0
       0
       0
       1
       0
       0
       0
       0
       1
       0
       0
       2
       1
       1
       1
       0
       0
       0
       2
       0
       0
       1
       1
       0
       1
       1
       0
       3
       0
       1
       0
       1
       0
       2
       1
       0
       0
       1
       0
       0
       1
       0
       0
       0
       0
       1
       0
       1
       0
       0
       0
       0
       0
       1
       0
       1
       1
       0
       1
       0
       0
       0
       0
       0
       0
       1
       1
       0
       0
       0
       0
       0
       0
       1
       2
       0
       0
       0
       1
       0
       0
       1
       0
       1
       0
       0
       0
       0
       1
       0
       0
       0
       1
       0
       2
       1
       1
       0
       1
       0
       0
       0
       0
       0
       1
       0
       0
       2
       0
       1
       1
       1
       1
       1
       0
       1
       0
       0
       3
       0
       0
       2
       0
       0
       0
       1
       0
       0
       0
       0
       2
       0
       0
       0
       0
       1
       0
       0
       0
       0
       0
       2
       0
       1
       0
       1
       0
       1
       0
       1
       2
       0
       2
       0
       0
       0
       1
       0
       0
       0
       1
       0
       3
       1
       0
       0
       0
       0
       1
       1
       0
       1
       1
       0
       0
       0
       0
       0
       0
       3
       0
       2
       0
       1
       0
       0
       0
       1
       0
       1
       1
       0
       3
       0
       1
       2
       1
       2
       0
       0
       0
       0
       0
       0
       1
       0
       1
       0
       1
       0
       0
       0
       0
       0
       0
       0
       0
       0
       1
       0
       0
       0
       1
       0
       1
       1
       0
       0
       0
       2
       0
       0
       0
       0
       1
       0
       0
       1
       0
       1
       0
       0
       0
       0
       0
       0
       0
       0
       1
       0
       0
       0
       1
       0
       0
       0
       0
       0
       0
       0
       0
       0
       2
       0
       0
       0
       0
       0
       0
       0
       1
       0
       1
       0
       0
       1
       1
       0
       3
       0
       1
       0
       1
       0
       1
       1
       0
       1
       0
       0
       1
       0
       0
       0
       0
       0
       0
       0
       1
       0
       1
       0
       1
       0
       2
       0
       0
       0
       0
       0
       0
       0
       0
       2
       0
       0
       0
       0
       1
       1
       0
       0
       0
       1
       1
       1
       0
       1
       0
       1
       1
       2
       0
       0
       0
       0
       0
       1
       0
       1
       0
       1
       0
       2
       0
       1
       1
       1
       1
       0
       0
       0
       0
       1
       0
       0
       0
       0
       0
       0
       1
       0
       0
       0
       0
       0
       1
       1
       0
       0
       0
       0
       1
       0
       0
       2
       1
       0
       0
       0
       0
       0
       0
       0
       1
       0
       1
       0
       1
       0
       0
       0
       1
       2
       0
       0
       2
       0
       1
       0
       1
       1
       1
       0
       0
       1
       0
       0
       1
       1
       0
       1
       0
       0
       0
       0
       0
       1
       1
       3
       1
       1
       2
       0
       1
       0
       0
       1
       0
       0
       0
       0
       1
       0
       1
       1
       0
       0
       0
       0
       0
       0
       1
       0
       0
       0
       1
       0
       0
       1
       0
       0
       0
       0
       1
       1
       0
       0
       0
       0
       1
       0
       0
       0
       0
       0
       0
       0
       0
       0
       0
       1
       0
       0
       1
       0
       0
       1
       0
       0
       1
       0
       0
       0
       0
       0
       0
       0
       0
       0
       0
       0
       0
       0
       0
       0
       0
       0
       0
       0
       0
       0
       0
       0
       0
       0
       0
       0
       0
       0
       1
       0
       0
       1
       0
       0
       0
       0
       0
       1
       0
       0
       0
       0
       0
       0
       0
       0
       0
       0
       0
       0
       1
       1
       0
       0
       1
       0
       0
       1
       0
       0
       2
       0
       0
       0
       0
       0
       0
       0
       0
       0
       0
       1
       0
       0
       1
       0
       0
       0
       0
       0
       1
       1
       1
       1
       0
       0
       0
       0
       0
       0
       1
       1
       0
       0
       1
       0
       0
       0
       1
       0
       0
       1
       0
       1
       0
       0
       0
       0
       0
       0
       1
       0
       0
       0
       0
       0
       0
       0
       0
       0
       1
       0
       0
       0
       1
       0
       0
       0
       0
       0
       0
       0
       1
       0
       1
       0
       0
       0
       0
       0
       1
       0
       0
       0
       0
       0
       1
       0
       0
       0
       0
       0
       0
       1
       1
       0
       0
       1
       0
       0
       2
       0
       0
       1
       0
       0
       0
       1
       0
       0
       0
       0
       1
       0
       1
       0
       1
       0
       0
       0
       0
       0
       1
       0
       0
       0
       2
       0
       1
       0
       0
       0
       0
       0
       0
       1
       0
       1
       1
       0
       0
       0
       0
       0
       0
       0
       0
       0
       1
       0
       1
       0
       0
       0
       0
       0
       1
       2
       0
       0
       1
       0
       0
       0
       1
       1
       1
       0
       0
       0
       0
       0
       0
       0
       0
       0
       0
       0
       0
       1
       0
       0
       0
       0
       0
       0
       0
       1
       0
       0
       0
       0
       0
       0
       0
       0
       0
       0
       0
       0
       1
       0
       0
       0
       0
       0
       0
       0
       1
       0
       0
       0
       0
       1
       0
       0
       0
       1
       0
       1
       0
       0
       0
       1
       0
       0
       0
       0
       0
       0
       0
       1
       0
       1
       0
       0
       0
       0
       0
       0
       0
       0
       0
       2
       0
       1
       0
       0
       0
       0
       1
       1
       0
       0
       0
       0
       0
       0
       1
       0
       0
       1
       0
       0
       0
       0
       0
       0
       0
       0
       0
       0
       0
       0
       3
       0
       1
       0
       0
       0
       0
       1
       1
       1
       0
       0
       0
       0
       0
       0
       0
       0
       0
       0
       0
       0
       0
       0
       0
       0
       0
       0
       0
       0
       0
       0
       1
       0
       0
       0
       0
       0
       0
       0
       0
       0
       0
       1
       0
       0
       1
       0
       0
       0
       0
       0
       0
       0
       0
       0
       0
       0
       0
       0
       0
       0
       0
       1
       0
       0
       0
       0
       0
       0
       2
       0
       1
       0
       0
       0
       0
       0
       0
       0
       0
       0
       1
       0
       1
       0
       0
       0
       0
       0
       0
       0
       0
       0
       1
       0
       1
       0
       0
       0
       0
       0
       0
       0
       0
       0
       0
       1
       0
       0
       0
       0
       0
       0
       0
       0
       0
       0
       0
       0
       0
       0
       2
       0
       0
       0
       1
       1
       0
       1
       0
       0
       0
       0
       0
       1
       0
       1
       1
       0
       0
       0
       0
       0
       0
       0
       0
       0
       0
       0
       0
       0
       0
       0
       0
       1
       0
       0
       0
       0
       0
       0
       0
       0
       0
       0
       0
       0
       0
       0
       1
       0
       0
       0
       0
       0
       0
       0
       0
       1
       0
       0
       0
       0
       0
       0
       1
       0
       0
       0
       1
       0
       0
       0
       0
       0
       0
       0
       0
       0
       0
       0
       0
       1
       0
       0
       0
       1
       0
       1
       0
       0
       0
       0
       0
       0
       1
       0
       0
       0
       0
       0
       0
       1
       0
       0
       1
       0
       1
       0
       0
       0
       0
       0
       0
       0
       0
       0
       0
       1
       0
       0
       0
       0
       1
       0
       0
       0
       0
       0
       0
       0
       0
       0
       1
       0
       0
       1
       0
       0
       0
       0
       0
       0
       0
       0
       0
       0
       0
       0
       0
       0
       0
       0
       0
       0
       0
       0
       0
       0
       0
       0
       0
       0
       0
       0
       0
       0
       0
       1
       0
       0
       0
       0
       0
       1
       0
       0
       0
       0
       1
       0
       0
       0
       1
       0
       0
       1
       0
       0
       0
       0
       0
       0
       0
       0
       0
       0
       0
       0
       1
       0
       0
       0
       0
       0
       0
       1
       0
       0
       1
       0
       0
       0
       0
       0
       1
       0
       0
       0
       0
       1
       0
       0
       0
       0
       1
       0
       0
       0
       1
       0
       0
       0
       0
       0
       0
       0
       0
       0
       0
       0
       0
       0
       0
       0
       0
       0
       1
       0
       0
       0
       0
       0
       0
       0
       0
       0
       0
       0
       0
       0
       0
       0
       0
       0
       0
       0
       0
       0
       0
       0
       0
       0
       0
       1
       0
       0
       1
       0
       0
       0
       0
       1
       0
       0
       0
       1
       0
       1
       0
       0
       0
       0
       0
       0
       0
       0
       1
       0
       1
       0
       0
       0
       1
       0
       0
       0
       0
       0
       1
       1
       0
       0
       0
       0
       0
       0
       0
       0
       0
       0
       0
       0
       0
       0
       0
       0
       0
       0
       0
       0
       0
       0
       0
       0
       1
       0
       0
       0
       0
       0
       0
       0
       0
       0
       0
       0
       1
       0
       3
       0
       0
       0
       0
       0
       0
       0
       0
       0
       1
       0
       0
       0
       1
       0
       0
       0
       0
       0
       0
       0
       0
       1
       0
       0
       0
       0
       0
       0
       0
       0
       0
       0
       0
       0
       0
       1
       0
       0
       0
       0
       0
       0
       0
       0
       0
       0
       1
       0
       0
       0
       0
       0
       0
       0
       0
       0
       0
       1
       1
       0
       0
       0
       0
       0
       0
       0
       1
       0
       0
       0
       1
       0
       1
       0
       0
       0
       0
       0
       0
       0
       0
       0
       1
       1
       0
       0
       0
       0
       0
       0
       0
       1
       0
       0
       0
       1
       0
       0
       0
       0
       0
       0
       1
       0
       0
       0
       0
       0
       0
       0
       0
       0
       1
       0
       0
       1
       0
       0
       0
       0
       0
       0
       0
       0
       0
       0
       0
       0
       0
       0
       1
       0
       0
       0
       1
       0
       0
       0
       0
       0
       0
       0
       1
       0
       1
       0
       0
       0
       0
       0
       1
       1
       0
       0
       1
       0
       0
       0
       0
       0
       0
       0
       0
       0
       0
       0
       0
       0
       0
       1
       0
       1
       1
       0
       1
       0
       0
       0
       0
       0
       0
       0
       0
       0
       0
       0
       0
       0
       0
       0
       0
       0
       0
       0
       0
       0
       0
       0
       0
       0
       0
       0
       0
       0
       0
       1
       1
       0
       1
       0
       1
       0
       0
       2
       0
       0
       0
       0
       0
       0
       0
       0
       0
       0
       0
       0
       0
       0
       0
       0
       0
       0
       0
       0
       0
       0
       0
       1
       0
       0
       0
       0
       1
       0
       0
       0
       0
       1
       0
       1
       0
       0
       0
       0
       0
       0
       0
       0
       0
       0
       0
       0
       0
       0
       0
       1
       0
       0
       0
       0
       0
       0
       0
       0
       0
       0
       0
       0
       0
       1
       0
       0
       0
       1
       0
       0
       0
       0
       0
       0
       0
       0
       0
       0
       0
       0
       0
       0
       1
       0
       0
       0
       0
       0
       0
       0
       0
       0
       0
       0
       1
       0
       2
       0
       0
       0
       0
       0
       0
       0
       0
       0
       0
       0
       0
       0
       0
       0
       0
       0
       0
       0
       0
       0
       0
       0
       1
       0
       0
       0
       1
       1
       0
       1
       0
       0
       0
       0
       0
       0
       0
       0
       0
       0
       0
       0
       0
       0
       0
       0
       0
       0
       0
       0
       0
       0
       0
       0
       0
       0
       0
       0
       0
       0
       0
       0
       0
       0
       0
       2
       0
       0
       1
       1
       1
       0
       0
       0
       0
       1
       0
       0
       0
       0
       0
       0
       1
       0
       1
       0
       0
       0
       0
       0
       0
       0
       0
       0
       0
       0
       0
       0
       0
       1
       1
       0
       0
       0
       0
       0
       0
       0
       0
       0
       0
       0
       0
       0
       0
       0
       0
       0
       0
       0
       0
       0
       0
       0
       0
       0
       0
       0
       1
       0
       0
       0
       0
       0
       0
       1
       0
       0
       0
       0
       0
       0
       0
       0
       1
       0
       0
       0
       0
       0
       0
       0
       0
       1
       1
       0
       1
       0
       0
       0
       0
       0
       0
       1
       0
       0
       0
       0
       0
       0
       0
       0
       0
       0
       0
       0
       0
       0
       0
       0
       0
       1
       0
       0
       0
       0
       0
       0
       0
       0
       1
       0
       0
       0
       0
       0
       0
       0
       0
       0
       0
       0
       0
       0
       0
       0
       0
       1
       0
       0
       1
       0
       0
       0
       1
       0
       0
       0
       0
       0
       0
       0
       0
       0
       0
       0
       0
       0
       0
       1
       0
       0
       0
       0
       0
       0
       0
       0
       0
       2
       0
       1
       0
       0
       0
       1
       0
       0
       0
       0
       1
       0
       2
       1
       0
       0
       0
       0
       0
       2
       0
       0
       1
       0
       0
       0
       1
       0
       1
       0
       0
       0
       1
       0
       0
       0
       0
       0
       0
       1
       1
       1
       0
       1
       1
       0
       0
       1
       1
       1
       1
       0
       1
       1
       1
       0
       0
       0
       0
       0
       0
       0
       1
       1
       0
       1
       1
       0
       0
       1
       1
       0
       0
       1
       0
       0
       0
       1
       0
       0
       0
       0
       0
       0
       0
       1
       0
       0
       1
       1
       0
       0
       0
       0
       0
       1
       1
       1
       0
       0
       0
       2
       0
       0
       1
       1
       0
       1
       0
       0
       1
       1
       0
       1
       0
       1
       0
       0
       0
       0
       1
       1
       1
       0
       2
       0
       2
       0
       2
       0
       2
       0
       0
       0
       0
       0
       3
       0
       3
       1
       3
       1
       3
       2
       3
       7
       4
       2
       6
       3
       6
       5
       0
       0
       0
       0
       0
       0
       0
       0
       0
       0
       0
       0
       0
       0
       0
       0
       0
       0
       0
       0
       0
       0
       0
       0
       0
       0
       0
       0
       0
       0
       0
       0
       0
       0
       0
       0
       0
       0
       0
       0
       0
       0
       0
       0
       0
       0
       0
       0
       0
       0
       0
       0
       0
       0
       0
       0
       0
       0
       0
       0
       0
       0
       0
       0
       0
       0
       0
       0
       0
       0
       0
       0
       0
       0
       0
       0
       0
       0
       0
       0
       0
       0
       0
       0
       0
       0
       0
       0
       0
       0
       0
       0
       0
       0
       0
       0
       0
       0
       0
       0
       0
       0
       0
       0
       0
       0
       0
       0
       0
       0
       0
       0
       0
       0
       0
       0
       0
       0
       0
       0
       0
       0
       0
       0
       0
       0
       0
       0
       0
       0
       0
       0
       0
       0
       0
       0
       0
       0
       0
       0
       0
       0
       0
       0
       0
       0
       0
       0
       0
       0
       0
       0
       0
       0
       0
       0
       0
       0
       0
       0
       0
       0
       0
       0
       0
       0
       0
       0
       0
       0
       0
       0
       0
       0
       0
       0
       0
       0
       0
       0
       0
       0
       0
       0
       0
       0
       0
       0
       0
       0
       0
       0
       0
       0
       0
       0
       0
       0
       0
       0
       0
       0
       0
       0
       0
       0
       0
       0
       0
       0
       0
       0
       0
       0
       0
       0
       0
       0
       0
       0
       0
       0
       0
       0
       0
       0
       0
       0
       0
       0
       0
       0
       0
       0
       0
       0
       0
       0
       0
       0
       0
       0
       0
       0
       0
       0
       0
       0
       0
       0
       0
       0
       0
       0
       0
       0
       0
       0
       0
       0
       0
       0
       0
       0
       0
       0
       0
       0
       0
       0
       0
       0
       0
       0
       0
       0
       0
       0
       0
       0
       0
       0
       0
       0
       0
       0
       0
       0
       0
       0
       0
       0
       0
       0
       0
       0
       0
       0
       0
       0
       0
       0
       0
       0
       0
       0
       0
       0
       0
       0
       0
       0
       0
       0
       0
       0
       0
       0
       0
       0
       0
       0
       0
       0
       0
       0
       0
       0
       0
       0
       0
       0
       0
       0
       0
       0
       0
       0
       0
       0
       0
       0
       0
       0
       0
       0
       0
       0
       0
       0
       0
       0
       0
       0
       0
       0
       0
       0
       0
       0
       0
       0
       0
       0
       0
       0
       0
       0
       0
       0
       0
       0
       0
       0
       0
       0
       0
       0
       0
       0
       0
       0
       0
       0
       0
       0
       0
       0
       0
       0
       0
       0
       0
       0
       0
       0
       0
       0
       0
       0
       0
       0
       0
       0
       0
       0
       0
       0
       0
$ROI:
3
5 213
215 1972
4034 4072
$PRESETS:
None
0
0
$ENER_FIT:
0.000000 0.000000
$MCA_CAL:
3
0.000000E+000 0.000000E+000 0.000000E+000 
$SHAPE_CAL:
3
0.000000E+000 0.000000E+000 0.000000E+000
