$SPEC_ID:
Silicon
$SPEC_REM:
DET# 3
DETDESC# 78-GP-NB0025 Model 928 SN 15355078
AP# Maestro Version 7.01
$DATE_MEA:
03/18/2024 21:31:25
$MEAS_TIM:
1125 1217
$DATA:
0 4095
       0
       0
       0
       0
       0
       0
       0
       0
       0
       0
       0
  130355
 5293932
 2056352
 1469057
 1239568
 1055378
  892627
  755615
  637900
  541752
  463671
  396990
  344469
  299757
  262271
  229885
  202980
  179196
  158657
  140061
  124185
  109871
   97396
   86092
   76389
   67608
   59304
   51734
   46119
   40531
   35288
   30824
   26867
   23687
   20576
   17822
   15634
   13553
   11822
   10423
    8988
    7785
    6758
    5892
    5310
    4645
    4105
    3702
    3192
    2937
    2588
    2210
    2111
    1893
    1738
    1619
    1522
    1338
    1219
    1129
    1096
    1055
     954
     890
     882
     884
     776
     720
     692
     670
     634
     560
     591
     611
     527
     532
     523
     540
     502
     475
     421
     472
     433
     423
     454
     371
     379
     402
     399
     392
     359
     347
     351
     334
     358
     310
     341
     359
     307
     268
     319
     256
     294
     264
     252
     267
     247
     260
     254
     224
     235
     185
     245
     220
     223
     212
     194
     202
     233
     195
     210
     175
     197
     191
     195
     191
     179
     207
     154
     189
     170
     158
     156
     168
     154
     148
     155
     145
     139
     138
     149
     149
     123
     132
     148
     116
     128
     139
     108
     112
     128
     114
     136
     110
     101
     138
     100
     106
     120
     125
      99
     117
     104
     125
     106
     110
     111
      95
     100
      97
      96
     100
      81
      89
     101
      99
      92
      96
      91
     115
      95
      80
      76
      78
      77
      85
      93
      68
      88
      72
      74
      84
      67
      68
      77
      61
      71
      70
      72
      70
      83
      62
      72
      67
      75
      75
      63
      67
      64
      55
      62
      56
      60
      52
      62
      71
      45
      66
      49
      66
      52
      50
      60
      46
      67
      57
      53
      58
      45
      41
      57
      37
      52
      59
      41
      50
      45
      57
      34
      38
      44
      51
      48
      45
      49
      53
      52
      48
      50
      45
      39
      43
      45
      36
      48
      34
      41
      37
      48
      35
      30
      46
      36
      38
      38
      35
      30
      35
      40
      36
      39
      30
      36
      47
      39
      38
      41
      35
      25
      34
      23
      34
      49
      24
      34
      29
      33
      28
      30
      40
      30
      26
      28
      25
      28
      29
      41
      38
      30
      44
      21
      27
      31
      35
      30
      32
      28
      38
      21
      32
      25
      37
      36
      26
      27
      27
      23
      32
      25
      30
      31
      33
      27
      20
      28
      20
      28
      22
      22
      18
      20
      14
      30
      20
      24
      24
      24
      22
      22
      25
      24
      24
      22
      27
      30
      25
      20
      22
      28
      25
      18
      28
      16
      19
      11
      26
      18
      22
      26
      23
      15
      21
      24
      21
      21
      21
      21
      21
      20
      20
      15
      28
      18
      13
      15
      22
      18
      11
      21
      14
      26
      16
      21
      17
      13
      18
      14
      16
      21
      19
      11
      16
      22
      18
      14
      23
      19
      19
      16
      22
      17
      19
      13
      16
      15
      20
      12
      19
      14
      15
      10
      14
       8
      13
      15
      17
      18
      14
      13
      11
      10
      16
      11
      16
      18
      19
      16
      11
      14
      16
      11
      11
      16
       7
      13
      11
      14
      17
      18
       8
      11
      12
      17
      13
      10
      16
      11
      14
      14
      12
      18
      18
      13
      11
      17
       8
      13
      12
      10
      12
      19
      11
       9
      18
      14
      10
      11
      11
      16
      17
      19
       9
      11
      10
       9
      12
      11
      11
       7
      12
      17
       9
      14
      12
      13
       9
      11
       8
       9
      10
      17
      10
      14
      12
      11
      11
      13
      15
       8
      12
      10
      13
       9
       9
       4
      10
      15
      13
      16
      10
      14
      11
       8
      18
       8
      15
       8
      11
       5
      11
      11
      10
       7
      17
      10
      11
      11
       6
      10
      11
       4
       8
       6
      13
      16
      10
      10
      16
      13
       6
       7
      13
       8
      12
       9
       6
       7
      12
      12
       5
      11
      11
      10
       9
       7
      11
       6
       6
       7
      10
       8
       5
       7
       9
       8
       6
       7
      12
      11
       6
       9
      12
       6
       7
       9
      12
       5
       9
      10
       6
       6
       9
       3
       4
      11
       4
       3
       6
       7
       6
       3
       6
       5
       6
       9
       9
      13
       8
       6
       7
       8
       5
       9
       5
      10
       5
       8
       3
       4
       6
       8
       8
       9
      13
       4
       3
       7
      11
       5
       3
       4
      10
       9
       6
      10
       7
       6
       4
       3
       5
       4
       8
       7
       5
       7
       5
       7
       8
       5
       6
      13
       7
       4
       4
       4
       5
       5
      11
       6
       8
       9
       6
       5
       2
      13
       6
       8
       7
       8
       5
       6
       2
       5
       6
       5
       9
       7
       3
       3
       4
       5
       7
       5
       6
       2
       7
       8
       5
       6
       2
       2
       9
      10
       9
       3
       4
       3
       7
       2
       4
       5
       3
       7
       8
       9
       3
       3
       3
       6
       5
       2
       6
       5
       7
       4
       5
       7
       4
       6
       5
       8
       4
       2
       2
      12
       8
       6
       3
       4
       7
       5
       3
       5
       7
       5
       3
       6
       5
       2
       7
       5
       4
       2
       8
      10
       4
       7
       2
       4
       2
       5
       6
       6
       5
       4
       8
       7
       6
       4
       3
       2
       6
       2
       6
       4
       4
       5
       6
       4
       3
       4
       1
       4
       3
       5
       0
       1
       6
       1
       6
       2
       5
       5
       3
       6
       4
       8
       2
       2
       6
       3
       3
       4
       4
       4
       4
       4
       5
       4
       2
       4
       5
       4
       4
       6
       3
       7
       3
       5
       5
       6
       4
       0
       2
       4
       1
       6
       1
       2
       3
       3
       2
       3
       1
       2
       5
       2
       1
       2
       3
       3
       1
       7
       3
       2
       0
       1
       4
       1
       2
       2
       3
       1
       3
       1
       2
       4
       6
       3
       4
       4
       3
       3
       3
       3
       3
       3
       2
       2
       4
       4
       4
       2
       5
       3
       3
       4
       4
       1
       4
       9
       2
       3
       3
       2
       4
       3
       3
       4
       5
       1
       2
       3
       1
       2
       2
       5
       6
       3
       2
       3
       4
       4
       1
       1
      10
       2
       3
       2
       4
       4
       3
       3
       3
       2
       2
       3
       2
       2
       2
       1
       3
       2
       8
       5
       2
       7
       2
       6
       2
       2
       0
       4
       1
       2
       2
       3
       4
       4
       4
       5
       6
       1
       2
       2
       4
       4
       5
       1
       3
       2
       1
       5
       3
       2
       1
       5
       4
       2
      10
       1
       1
       3
       3
       1
       3
       1
       4
       4
       2
       1
       2
       1
       4
       2
       2
       1
       1
       6
       3
       5
       0
       1
       2
       2
       1
       4
       2
       6
       5
       3
       2
       1
       2
       1
       2
       0
       2
       3
       3
       1
       4
       3
       1
       2
       2
       3
       3
       3
       2
       2
       2
       1
       3
       8
       1
       3
       4
       5
       4
       1
       1
       3
       2
       3
       4
       2
       3
       0
       3
       3
       1
       3
       1
       3
       3
       0
       0
       0
       3
       5
       3
       2
       4
       2
       2
       0
       1
       1
       2
       1
       4
       2
       3
       5
       2
       1
       3
       2
       1
       3
       4
       3
       1
       1
       2
       2
       0
       0
       2
       1
       2
       0
       2
       2
       0
       3
       2
       0
       1
       1
       2
       2
       0
       3
       2
       3
       1
       1
       5
       2
       4
       5
       1
       1
       3
       3
       1
       1
       1
       2
       0
       1
       1
       0
       3
       0
       3
       3
       0
       2
       1
       1
       5
       1
       1
       1
       2
       3
       3
       3
       1
       0
       2
       3
       2
       1
       2
       1
       3
       3
       1
       2
       5
       0
       1
       1
       5
       1
       1
       1
       1
       2
       1
       2
       1
       4
       4
       1
       3
       2
       0
       1
       3
       1
       5
       2
       1
       2
       3
       3
       0
       1
       2
       2
       3
       0
       1
       0
       1
       0
       0
       1
       2
       4
       1
       2
       2
       1
       1
       4
       1
       0
       2
       1
       0
       2
       1
       1
       0
       3
       0
       2
       2
       2
       0
       2
       1
       1
       2
       1
       0
       3
       2
       2
       1
       3
       2
       3
       2
       3
       1
       0
       3
       2
       0
       2
       2
       1
       1
       3
       2
       1
       2
       0
       0
       5
       3
       0
       1
       2
       0
       1
       2
       2
       3
       4
       0
       3
       0
       1
       2
       0
       1
       2
       1
       2
       1
       3
       3
       0
       3
       1
       0
       4
       1
       1
       0
       1
       1
       2
       2
       2
       3
       1
       2
       1
       0
       0
       2
       1
       4
       1
       0
       2
       5
       1
       5
       1
       1
       2
       2
       2
       2
       1
       1
       1
       3
       1
       2
       1
       0
       6
       2
       1
       2
       0
       2
       1
       1
       1
       0
       1
       3
       1
       1
       0
       5
       4
       2
       1
       1
       2
       0
       0
       1
       2
       2
       1
       0
       0
       2
       2
       0
       1
       1
       1
       2
       2
       1
       1
       2
       1
       4
       1
       1
       1
       3
       2
       2
       1
       2
       4
       1
       1
       1
       3
       1
       1
       3
       2
       1
       2
       0
       7
       0
       0
       1
       1
       2
       2
       3
       1
       0
       1
       1
       1
       1
       1
       2
       0
       3
       1
       1
       2
       1
       1
       1
       2
       2
       2
       0
       2
       2
       1
       1
       1
       0
       1
       1
       1
       2
       2
       0
       1
       1
       3
       2
       1
       2
       2
       1
       1
       1
       0
       0
       2
       0
       1
       0
       3
       0
       1
       1
       1
       0
       2
       2
       3
       0
       2
       0
       1
       0
       0
       1
       2
       0
       2
       2
       1
       2
       3
       2
       2
       2
       3
       1
       0
       2
       2
       0
       1
       0
       2
       0
       0
       1
       0
       3
       2
       3
       0
       0
       1
       2
       1
       0
       0
       1
       2
       2
       2
       0
       1
       0
       2
       2
       0
       2
       0
       2
       1
       2
       3
       2
       5
       0
       1
       0
       1
       3
       1
       2
       1
       1
       1
       2
       2
       0
       0
       1
       2
       0
       0
       1
       0
       1
       0
       1
       0
       1
       0
       2
       2
       1
       3
       0
       1
       3
       3
       1
       1
       0
       2
       1
       2
       0
       3
       0
       0
       0
       3
       0
       1
       1
       3
       1
       0
       2
       0
       0
       2
       1
       1
       1
       3
       1
       2
       2
       0
       3
       1
       1
       2
       3
       0
       1
       2
       1
       0
       1
       3
       1
       2
       0
       1
       0
       1
       1
       3
       1
       0
       2
       1
       1
       0
       0
       0
       4
       2
       1
       2
       1
       0
       0
       1
       2
       1
       1
       0
       2
       1
       1
       1
       1
       2
       0
       1
       1
       1
       0
       1
       1
       0
       1
       0
       2
       1
       0
       2
       0
       0
       0
       0
       0
       0
       1
       1
       2
       1
       1
       0
       1
       1
       0
       0
       2
       3
       1
       2
       2
       2
       4
       1
       0
       1
       1
       0
       2
       1
       1
       1
       1
       1
       4
       1
       0
       0
       0
       0
       3
       1
       0
       0
       1
       1
       1
       2
       0
       0
       1
       2
       2
       0
       1
       4
       0
       0
       1
       2
       2
       0
       3
       1
       0
       1
       0
       1
       0
       0
       0
       1
       0
       1
       1
       0
       1
       3
       6
       1
       0
       1
       0
       1
       2
       0
       0
       0
       1
       2
       2
       3
       0
       0
       0
       0
       1
       0
       2
       0
       2
       1
       1
       0
       3
       0
       1
       1
       1
       0
       1
       1
       0
       0
       1
       1
       1
       1
       3
       1
       0
       1
       2
       1
       0
       0
       3
       0
       1
       0
       2
       0
       0
       2
       2
       0
       0
       1
       1
       1
       0
       1
       2
       0
       2
       1
       1
       1
       2
       0
       2
       0
       0
       3
       1
       0
       1
       2
       1
       0
       1
       2
       1
       3
       0
       0
       0
       0
       1
       0
       1
       1
       1
       0
       3
       1
       0
       0
       0
       0
       0
       1
       1
       0
       0
       1
       0
       0
       2
       1
       1
       0
       0
       0
       0
       0
       0
       0
       0
       0
       1
       1
       0
       1
       0
       2
       0
       1
       2
       2
       0
       1
       1
       3
       0
       1
       0
       0
       0
       0
       0
       2
       1
       2
       2
       3
       0
       0
       1
       0
       0
       2
       0
       1
       0
       1
       0
       0
       1
       2
       0
       0
       0
       1
       1
       1
       0
       1
       1
       0
       2
       1
       1
       1
       1
       2
       0
       0
       0
       0
       1
       0
       0
       0
       2
       2
       0
       0
       1
       0
       1
       1
       1
       0
       0
       1
       1
       1
       0
       1
       1
       1
       0
       1
       0
       0
       0
       0
       0
       1
       0
       1
       1
       0
       2
       0
       0
       1
       1
       1
       0
       0
       1
       1
       0
       0
       1
       0
       0
       1
       0
       0
       0
       1
       0
       0
       0
       1
       0
       2
       0
       1
       2
       1
       3
       1
       0
       0
       0
       0
       1
       2
       1
       1
       0
       0
       2
       1
       0
       1
       0
       1
       1
       1
       0
       1
       0
       1
       1
       0
       2
       1
       0
       1
       2
       1
       0
       1
       0
       1
       1
       0
       0
       2
       0
       0
       1
       0
       0
       0
       0
       1
       2
       1
       1
       0
       0
       3
       1
       1
       1
       0
       0
       1
       2
       1
       0
       0
       1
       1
       0
       0
       0
       0
       4
       0
       2
       2
       0
       1
       0
       0
       0
       0
       0
       1
       3
       0
       0
       1
       0
       0
       1
       1
       1
       0
       0
       1
       0
       0
       1
       1
       2
       3
       0
       0
       0
       0
       1
       2
       0
       0
       2
       0
       0
       1
       0
       0
       1
       0
       1
       2
       4
       1
       0
       2
       1
       2
       1
       0
       0
       1
       1
       1
       0
       0
       1
       2
       0
       1
       0
       2
       1
       1
       0
       1
       0
       1
       0
       2
       3
       0
       0
       0
       0
       1
       1
       1
       0
       1
       0
       1
       1
       0
       1
       1
       0
       0
       1
       1
       0
       2
       1
       1
       0
       0
       0
       0
       1
       0
       1
       1
       0
       0
       1
       0
       0
       1
       1
       0
       1
       0
       1
       0
       1
       0
       0
       1
       0
       1
       0
       1
       1
       0
       0
       0
       1
       0
       0
       0
       2
       2
       2
       0
       0
       1
       1
       0
       0
       0
       0
       1
       0
       2
       0
       0
       0
       0
       0
       1
       1
       0
       0
       1
       2
       0
       1
       0
       3
       1
       0
       0
       0
       1
       0
       0
       0
       2
       0
       0
       1
       0
       1
       1
       1
       0
       0
       2
       0
       0
       0
       0
       0
       0
       1
       1
       1
       1
       1
       0
       0
       1
       0
       1
       1
       1
       0
       0
       0
       1
       0
       0
       1
       0
       2
       1
       0
       0
       0
       1
       1
       0
       0
       1
       0
       0
       1
       0
       0
       0
       0
       0
       0
       0
       1
       1
       0
       1
       0
       3
       0
       0
       0
       0
       1
       1
       0
       0
       2
       0
       0
       1
       0
       1
       1
       1
       2
       0
       1
       1
       0
       0
       1
       0
       0
       0
       0
       2
       0
       0
       1
       0
       0
       0
       0
       1
       3
       1
       0
       0
       0
       1
       0
       0
       2
       0
       0
       1
       2
       0
       1
       0
       1
       2
       0
       2
       0
       0
       1
       0
       0
       0
       0
       0
       0
       1
       3
       0
       0
       0
       0
       0
       0
       1
       1
       2
       0
       0
       0
       0
       1
       1
       2
       0
       0
       1
       2
       2
       0
       0
       0
       3
       0
       0
       1
       0
       0
       1
       0
       0
       0
       0
       1
       2
       1
       1
       0
       1
       0
       2
       0
       0
       0
       0
       0
       0
       0
       1
       1
       1
       0
       1
       0
       0
       0
       0
       0
       0
       1
       0
       0
       0
       1
       0
       0
       0
       0
       0
       0
       1
       1
       0
       0
       1
       0
       1
       0
       0
       0
       1
       1
       0
       0
       1
       0
       0
       1
       0
       0
       1
       0
       0
       0
       0
       0
       0
       0
       0
       1
       1
       0
       0
       0
       1
       1
       1
       0
       0
       0
       0
       0
       0
       0
       2
       0
       0
       0
       0
       0
       0
       1
       1
       1
       0
       0
       0
       1
       1
       0
       1
       0
       0
       1
       0
       0
       0
       0
       0
       0
       1
       1
       1
       0
       0
       1
       2
       0
       0
       0
       0
       0
       0
       0
       3
       0
       0
       1
       0
       0
       1
       0
       1
       0
       0
       0
       1
       0
       0
       0
       0
       0
       0
       0
       0
       0
       0
       0
       0
       0
       0
       1
       0
       0
       1
       0
       0
       0
       2
       0
       1
       0
       0
       0
       0
       0
       1
       1
       0
       0
       1
       0
       0
       0
       1
       1
       0
       0
       0
       0
       0
       2
       1
       1
       1
       0
       2
       0
       0
       0
       0
       1
       0
       0
       0
       2
       0
       1
       0
       0
       0
       1
       0
       0
       0
       1
       0
       0
       0
       0
       1
       0
       0
       0
       0
       1
       1
       0
       0
       0
       1
       0
       1
       0
       1
       1
       0
       0
       1
       0
       0
       1
       0
       1
       0
       0
       0
       1
       1
       0
       0
       0
       0
       0
       1
       0
       0
       1
       0
       0
       0
       0
       0
       0
       1
       0
       3
       1
       1
       0
       0
       1
       0
       0
       0
       0
       0
       1
       0
       0
       1
       1
       0
       0
       1
       0
       0
       0
       0
       1
       0
       0
       0
       0
       0
       0
       0
       0
       0
       1
       1
       1
       0
       0
       0
       1
       0
       0
       0
       0
       0
       0
       1
       0
       1
       0
       0
       1
       1
       0
       0
       0
       0
       1
       0
       0
       1
       0
       0
       0
       0
       1
       1
       0
       0
       2
       0
       0
       2
       0
       0
       0
       0
       0
       0
       1
       0
       0
       0
       0
       0
       0
       0
       0
       0
       0
       0
       0
       0
       0
       0
       2
       0
       1
       1
       0
       0
       0
       0
       0
       0
       0
       0
       1
       1
       1
       0
       0
       0
       1
       0
       1
       1
       0
       0
       0
       0
       0
       0
       0
       0
       0
       2
       1
       0
       0
       1
       1
       0
       0
       0
       0
       0
       1
       0
       0
       1
       0
       0
       1
       1
       1
       0
       1
       0
       0
       0
       0
       0
       1
       0
       0
       1
       1
       0
       0
       1
       0
       0
       0
       0
       1
       2
       0
       0
       1
       0
       0
       1
       0
       0
       0
       0
       0
       0
       2
       1
       1
       0
       0
       0
       1
       2
       0
       1
       0
       0
       0
       0
       0
       0
       0
       0
       0
       0
       0
       0
       0
       0
       0
       0
       0
       1
       0
       0
       1
       0
       0
       0
       0
       2
       0
       0
       0
       0
       0
       0
       0
       0
       0
       0
       0
       0
       0
       0
       0
       0
       0
       0
       0
       0
       1
       0
       2
       1
       0
       0
       0
       0
       0
       0
       0
       0
       1
       0
       1
       0
       0
       0
       0
       0
       1
       0
       0
       0
       0
       0
       0
       0
       0
       0
       0
       1
       0
       0
       0
       0
       0
       1
       2
       1
       0
       0
       1
       0
       0
       0
       1
       0
       0
       0
       0
       0
       0
       0
       0
       0
       0
       0
       0
       0
       0
       1
       0
       2
       0
       0
       2
       2
       0
       0
       0
       0
       0
       1
       1
       0
       0
       0
       2
       0
       0
       0
       0
       1
       0
       1
       0
       0
       2
       0
       0
       0
       0
       0
       0
       0
       0
       0
       0
       0
       0
       0
       1
       0
       0
       0
       0
       0
       0
       0
       0
       0
       0
       0
       0
       0
       0
       0
       0
       0
       0
       0
       0
       1
       0
       0
       1
       0
       0
       0
       0
       0
       0
       0
       0
       0
       0
       1
       0
       1
       0
       0
       0
       0
       0
       1
       0
       0
       0
       0
       0
       0
       0
       0
       0
       1
       0
       0
       0
       1
       0
       0
       0
       0
       0
       0
       0
       0
       0
       2
       0
       0
       0
       0
       1
       0
       0
       0
       0
       1
       0
       0
       0
       0
       0
       0
       0
       1
       1
       0
       0
       1
       0
       0
       0
       0
       0
       0
       1
       0
       0
       0
       0
       0
       0
       0
       0
       0
       0
       2
       1
       0
       0
       1
       0
       0
       0
       1
       0
       0
       0
       0
       1
       1
       0
       0
       0
       1
       0
       0
       0
       1
       0
       1
       1
       0
       1
       0
       1
       1
       0
       0
       0
       0
       1
       0
       1
       1
       0
       0
       0
       1
       1
       0
       0
       0
       2
       2
       0
       0
       0
       0
       0
       0
       0
       1
       0
       0
       1
       0
       1
       2
       0
       0
       0
       0
       0
       0
       0
       0
       0
       0
       0
       0
       1
       0
       0
       0
       0
       0
       0
       0
       0
       0
       0
       0
       0
       0
       0
       2
       0
       0
       0
       0
       2
       0
       0
       0
       0
       0
       0
       2
       0
       0
       0
       0
       0
       0
       1
       0
       0
       0
       0
       0
       0
       1
       0
       2
       0
       1
       0
       1
       0
       0
       0
       0
       0
       0
       0
       0
       0
       0
       0
       0
       0
       0
       0
       0
       0
       0
       0
       1
       0
       0
       0
       0
       0
       0
       0
       0
       0
       0
       0
       0
       1
       1
       0
       0
       0
       0
       0
       0
       0
       0
       0
       0
       1
       1
       1
       0
       0
       0
       0
       0
       1
       1
       0
       0
       0
       1
       0
       0
       0
       0
       0
       0
       0
       0
       1
       0
       0
       0
       0
       0
       0
       0
       0
       0
       1
       0
       0
       0
       0
       1
       0
       0
       0
       0
       0
       0
       1
       0
       0
       0
       1
       0
       0
       0
       1
       0
       0
       0
       0
       0
       1
       1
       1
       0
       0
       0
       0
       0
       0
       0
       0
       1
       0
       0
       0
       0
       0
       0
       0
       0
       0
       0
       0
       0
       0
       0
       0
       0
       0
       0
       1
       0
       1
       1
       0
       0
       0
       0
       0
       0
       0
       1
       0
       0
       0
       0
       0
       1
       1
       0
       0
       0
       0
       0
       0
       0
       0
       0
       0
       0
       0
       0
       0
       0
       0
       0
       1
       0
       0
       0
       0
       1
       1
       0
       0
       0
       1
       0
       0
       0
       0
       0
       0
       0
       1
       0
       0
       0
       0
       0
       0
       0
       0
       0
       0
       0
       0
       0
       0
       0
       0
       0
       1
       1
       0
       1
       0
       0
       0
       0
       0
       3
       0
       0
       0
       0
       0
       0
       0
       0
       0
       0
       0
       0
       0
       0
       1
       0
       0
       0
       0
       0
       1
       0
       0
       0
       0
       0
       0
       1
       0
       0
       0
       0
       1
       1
       0
       0
       0
       0
       0
       0
       1
       1
       0
       1
       0
       0
       0
       0
       1
       0
       0
       0
       0
       0
       0
       0
       0
       0
       0
       0
       0
       0
       0
       0
       0
       0
       0
       0
       1
       0
       1
       0
       0
       0
       0
       0
       1
       0
       1
       0
       0
       0
       0
       0
       0
       0
       0
       0
       1
       0
       0
       0
       1
       0
       0
       0
       0
       1
       0
       0
       0
       0
       0
       0
       0
       0
       0
       0
       0
       0
       0
       0
       0
       0
       0
       0
       1
       0
       0
       0
       0
       0
       1
       0
       0
       0
       0
       0
       0
       0
       0
       0
       0
       0
       0
       1
       0
       0
       0
       0
       1
       0
       0
       0
       0
       0
       0
       0
       0
       0
       0
       0
       0
       1
       0
       0
       0
       1
       0
       0
       0
       0
       1
       0
       0
       0
       0
       0
       0
       0
       0
       0
       0
       1
       1
       0
       0
       0
       0
       0
       0
       1
       0
       0
       0
       0
       0
       0
       0
       0
       0
       0
       0
       0
       0
       0
       0
       1
       0
       0
       0
       0
       1
       0
       0
       0
       0
       0
       0
       0
       0
       0
       1
       0
       0
       1
       0
       0
       0
       0
       2
       1
       0
       1
       0
       0
       1
       0
       0
       0
       0
       0
       0
       0
       0
       0
       0
       0
       0
       0
       1
       1
       0
       0
       1
       0
       0
       0
       0
       0
       0
       0
       0
       0
       0
       0
       1
       0
       0
       0
       0
       2
       0
       0
       0
       0
       0
       0
       0
       0
       0
       0
       0
       0
       0
       0
       0
       1
       0
       0
       0
       0
       0
       0
       1
       0
       1
       1
       0
       0
       0
       0
       0
       0
       0
       0
       0
       1
       0
       0
       0
       0
       0
       1
       0
       0
       0
       1
       0
       1
       0
       0
       2
       0
       0
       0
       0
       2
       0
       1
       0
       0
       0
       0
       0
       2
       0
       0
       0
       0
       0
       0
       0
       0
       0
       0
       1
       0
       0
       0
       0
       0
       1
       0
       0
       0
       0
       0
       0
       0
       0
       0
       0
       0
       0
       0
       0
       0
       0
       1
       0
       0
       0
       0
       0
       0
       0
       0
       0
       0
       0
       1
       0
       0
       1
       0
       0
       1
       0
       0
       0
       0
       0
       0
       0
       0
       0
       0
       0
       0
       1
       0
       0
       0
       0
       0
       0
       0
       0
       0
       0
       0
       0
       0
       0
       0
       1
       0
       1
       0
       0
       0
       0
       0
       1
       0
       0
       0
       0
       0
       0
       0
       1
       0
       0
       0
       0
       0
       1
       0
       0
       0
       0
       0
       0
       0
       0
       0
       0
       0
       0
       0
       0
       0
       0
       0
       0
       0
       0
       0
       0
       0
       0
       0
       0
       0
       0
       0
       0
       0
       0
       0
       1
       0
       0
       0
       0
       0
       0
       0
       0
       0
       0
       0
       0
       0
       0
       1
       0
       0
       0
       0
       0
       1
       0
       0
       0
       0
       0
       0
       1
       0
       1
       0
       0
       0
       0
       0
       0
       0
       0
       0
       0
       0
       0
       0
       0
       0
       0
       2
       0
       0
       1
       0
       0
       0
       1
       0
       0
       0
       0
       0
       0
       0
       0
       0
       0
       0
       0
       0
       0
       0
       0
       0
       0
       0
       0
       0
       0
       0
       0
       0
       0
       0
       0
       0
       0
       0
       0
       0
       0
       0
       0
       0
       0
       0
       0
       0
       0
       0
       2
       0
       0
       0
       0
       0
       0
       1
       0
       0
       0
       0
       0
       0
       0
       0
       0
       0
       0
       0
       0
       0
       0
       1
       0
       0
       0
       0
       0
       0
       0
       1
       0
       0
       1
       0
       2
       0
       1
       0
       0
       0
       1
       1
       0
       0
       0
       0
       0
       1
       0
       0
       0
       0
       0
       0
       0
       0
       0
       1
       0
       1
       0
       0
       0
       0
       0
       1
       0
       0
       0
       0
       0
       0
       0
       0
       0
       0
       0
       0
       1
       1
       0
       0
       0
       0
       0
       0
       0
       0
       0
       0
       2
       0
       0
       0
       0
       0
       0
       0
       0
       0
       0
       0
       0
       1
       0
       0
       0
       0
       0
       0
       0
       0
       0
       0
       0
       0
       0
       0
       0
       0
       0
       0
       0
       0
       0
       0
       0
       0
       0
       0
       0
       0
       0
       0
       0
       0
       0
       0
       0
       0
       0
       0
       0
       0
       0
       0
       0
       0
       0
       0
       0
       0
       0
       0
       0
       0
       0
       0
       0
       0
       0
       0
       0
       0
       0
       0
       0
       0
       0
       0
       0
       0
       0
       0
       0
       0
$ROI:
3
5 213
215 1972
4034 4072
$PRESETS:
None
0
0
$ENER_FIT:
0.000000 0.000000
$MCA_CAL:
3
0.000000E+000 0.000000E+000 0.000000E+000 
$SHAPE_CAL:
3
0.000000E+000 0.000000E+000 0.000000E+000
