$SPEC_ID:
Silicon
$SPEC_REM:
DET# 3
DETDESC# 78-GP-NB0025 Model 928 SN 15355078
AP# Maestro Version 7.01
$DATE_MEA:
03/18/2024 21:04:12
$MEAS_TIM:
1136 1226
$DATA:
0 4095
       0
       0
       0
       0
       0
       0
       0
       0
       0
       0
       1
  133485
 5225706
 2016819
 1444777
 1218304
 1035747
  874707
  738289
  622325
  527272
  451014
  387667
  335814
  292358
  255840
  223690
  197043
  174427
  153712
  136468
  120486
  106530
   94225
   83744
   73630
   64828
   56939
   49706
   44071
   38563
   33852
   29552
   25679
   22602
   19530
   17046
   15103
   12822
   11314
    9806
    8524
    7584
    6473
    5730
    5086
    4520
    3967
    3536
    3015
    2829
    2469
    2337
    1974
    1815
    1710
    1533
    1459
    1284
    1220
    1203
    1083
    1056
     965
     913
     832
     776
     759
     734
     703
     705
     620
     614
     605
     574
     562
     523
     509
     494
     467
     475
     473
     451
     456
     425
     441
     390
     399
     375
     380
     370
     373
     357
     357
     349
     317
     328
     308
     330
     292
     264
     315
     288
     305
     279
     255
     304
     253
     253
     219
     251
     254
     235
     210
     223
     229
     209
     209
     227
     216
     207
     203
     183
     187
     200
     196
     160
     192
     187
     175
     154
     177
     168
     163
     156
     136
     157
     181
     148
     132
     133
     151
     149
     132
     139
     131
     133
     133
     122
     115
     132
     114
     141
     116
     124
     111
     123
     124
     108
     120
     114
      98
     113
     118
     100
     132
      79
      81
      96
      99
      83
      93
      91
      88
      90
     101
     105
     100
      77
      72
      70
      69
      79
      83
      84
      88
      85
     110
      69
      79
      76
      86
      72
      83
      80
      66
      67
      75
      71
      64
      66
      64
      75
      57
      75
      84
      54
      67
      60
      64
      53
      64
      69
      76
      65
      49
      75
      52
      47
      60
      66
      62
      52
      64
      48
      61
      59
      67
      64
      56
      51
      55
      59
      47
      40
      43
      60
      52
      58
      55
      35
      56
      38
      43
      41
      46
      48
      53
      31
      50
      45
      48
      53
      53
      46
      39
      34
      43
      37
      42
      32
      28
      50
      38
      35
      44
      40
      33
      36
      29
      43
      38
      37
      37
      40
      38
      36
      47
      29
      39
      35
      35
      34
      32
      36
      33
      31
      34
      27
      25
      19
      29
      29
      35
      30
      37
      44
      31
      27
      27
      33
      31
      31
      25
      24
      19
      30
      30
      29
      26
      32
      24
      26
      21
      26
      25
      24
      29
      28
      26
      29
      28
      19
      24
      25
      30
      19
      27
      29
      28
      20
      16
      16
      27
      30
      34
      23
      22
      27
      18
      28
      27
      27
      21
      29
      18
      28
      20
      25
      25
      27
      14
      28
      15
      21
      21
      25
      23
      15
      20
      23
      19
      25
      28
      29
      25
      21
      21
      23
      13
      22
      22
      16
      24
      19
      22
      17
      19
      18
      25
      16
      19
      22
      23
      20
      18
      19
      16
      25
      19
      18
      15
      14
      14
      21
      14
      19
      21
      20
      14
      10
      11
      18
      18
      15
      17
      15
      26
      18
      14
      16
      13
      16
      17
      10
      18
      14
      16
      22
      23
      11
      16
      15
      13
      12
      16
      14
      10
      15
      18
      17
      18
      17
      19
      14
      18
       9
      23
      14
      17
      15
      13
      12
       8
      15
      14
       9
       8
      13
      16
      12
      13
       7
      12
      13
       7
      13
      11
      15
      14
      15
      17
      16
      15
      12
      18
      13
      10
      12
      14
      13
      19
      10
      15
      21
      12
      13
      13
      11
      14
      10
      10
      11
       8
      13
      11
      15
      13
       9
      10
      12
       5
      12
      14
      14
      14
      12
      16
       9
      14
      11
      14
      14
      11
       8
      10
       6
      14
       7
       9
       5
      11
       6
       5
       7
      12
       9
       6
      15
      16
       8
      11
      10
      13
      10
       7
       7
       6
      12
       5
       2
       7
       6
      11
       6
       7
      13
      10
      11
       7
       8
       9
       4
       8
       8
       9
      10
       8
       8
      11
      11
       9
      10
       5
       9
      10
       9
      12
       7
      12
       6
       7
       6
       8
      13
       9
      11
       8
       8
      13
       7
      10
       8
       6
      10
      19
      10
      12
       4
      12
      11
       5
      10
       9
       6
       1
       1
       6
       7
       8
      11
       5
       6
       9
       5
       5
       6
       7
      15
       3
       6
       9
       3
       4
      12
       8
      10
       6
       6
      11
       8
       6
       6
       6
      11
      10
       5
       6
       4
      10
      12
       7
       4
       4
       6
       4
       6
       7
       8
       9
      11
       5
       4
       6
       7
       2
       6
       6
       9
       6
       8
      12
       7
       5
       5
      10
       7
       6
       5
       7
       6
       5
       8
       6
      12
       4
       7
       3
       4
       4
       3
       3
       8
       3
      12
       4
       5
       5
       2
       5
       7
       3
       5
       9
       3
       4
       3
       8
       5
       7
       7
       5
       4
       4
       5
       7
       8
       3
       3
       3
       8
       5
       6
       3
       8
       4
       3
       6
       3
       6
       4
       6
       4
       5
       3
      12
       5
       8
       3
       4
       5
       9
       3
       5
       3
       7
       2
       5
       6
       2
       5
       7
       8
       3
       4
       5
       5
       7
       5
       3
       1
       2
       3
       7
       3
       4
       7
       2
       7
       2
       6
       8
       3
       4
      10
       7
       3
       5
       7
       2
       4
       3
       5
       5
       5
       1
       9
       1
       5
       9
       6
       6
       6
       0
       4
       3
       2
       5
       6
       1
       5
       6
       1
       0
       7
       3
       6
       6
       4
       1
       4
      10
       1
       7
       2
       4
       1
       1
       5
       3
       7
       8
       6
       2
       5
       5
       4
       4
       6
       5
       6
       4
       1
       3
       1
       2
       9
       2
       7
       2
       5
       5
       4
       4
       4
       7
       8
       3
       3
       3
       6
       4
       2
       6
       5
       2
       3
       7
       5
       2
       2
       7
       4
       2
       5
       3
       4
       6
       0
       1
       5
       5
       6
       4
       5
       1
       5
       3
       4
       0
       2
       5
       4
       4
       3
       1
       4
       5
       3
       7
       5
       3
       8
       3
       3
       3
       2
       4
       3
       4
       1
       4
       7
       6
       3
       3
       4
       2
       5
       7
       6
       3
       2
       3
       2
       3
       2
       2
       1
       2
       5
       1
       2
       2
       1
       4
       5
       1
       4
       5
       6
       6
       3
       6
       3
       3
       7
       0
       3
       2
       2
       0
       2
       2
       5
       4
       8
       3
       8
       6
       5
       4
       2
       3
       3
       5
       4
       3
       4
       2
       3
       4
       4
       5
       1
       3
       4
       4
       3
       3
       3
       2
       2
       3
       2
       8
       0
       6
       1
       3
       6
       1
       2
       5
       2
       1
       4
       1
       2
       3
       1
       5
       1
       1
       4
       3
       2
       5
       1
       3
       5
       3
       3
       4
       1
       0
       4
       0
       2
       5
       4
       0
       3
       3
       1
       1
       0
       6
       4
       1
       5
       2
       3
       0
       4
       1
       0
       2
       4
       3
       2
       6
       5
       3
       2
       4
       3
       0
       4
       1
       2
       3
       1
       2
       3
       0
       3
       2
       2
       1
       5
       2
       0
       0
       2
       4
       1
       1
       3
       4
       0
       0
       3
       2
       6
       3
       0
       2
       2
       4
       1
       1
       2
       2
       1
       2
       2
       1
       1
       0
       0
       1
       2
       1
       3
       1
       5
       3
       3
       0
       2
       5
       1
       1
       2
       0
       4
       2
       0
       0
       4
       3
       5
       1
       1
       2
       1
       1
       1
       4
       1
       0
       1
       2
       1
       1
       0
       0
       1
       1
       2
       0
       1
       0
       5
       2
       0
       4
       4
       4
       1
       3
       4
       3
       4
       1
       2
       2
       3
       0
       0
       6
       4
       0
       1
       4
       0
       2
       4
       1
       3
       0
       3
       3
       3
       2
       4
       4
       2
       3
       3
       1
       3
       2
       2
       2
       2
       1
       3
       1
       3
       1
       3
       3
       0
       3
       1
       0
       0
       3
       1
       0
       1
       3
       5
       1
       3
       2
       0
       2
       0
       2
       5
       3
       0
       2
       2
       0
       4
       5
       1
       0
       1
       3
       1
       4
       4
       1
       3
       1
       3
       1
       2
       2
       1
       2
       3
       4
       2
       1
       1
       1
       2
       2
       2
       2
       0
       2
       2
       2
       3
       3
       2
       1
       3
       3
       3
       2
       0
       4
       4
       3
       2
       1
       1
       3
       3
       0
       2
       1
       1
       2
       2
       1
       1
       1
       3
       3
       0
       0
       1
       1
       0
       2
       1
       2
       2
       3
       0
       7
       0
       1
       4
       1
       3
       2
       3
       2
       0
       0
       2
       0
       0
       0
       2
       1
       3
       1
       0
       2
       0
       0
       2
       0
       1
       0
       3
       2
       1
       1
       0
       1
       1
       2
       2
       1
       1
       0
       2
       2
       1
       1
       1
       3
       3
       2
       0
       2
       2
       2
       0
       1
       1
       0
       0
       1
       0
       0
       1
       1
       2
       1
       2
       5
       1
       1
       0
       4
       3
       2
       3
       0
       2
       0
       1
       2
       1
       1
       3
       0
       2
       1
       1
       2
       2
       1
       0
       1
       4
       1
       0
       0
       1
       1
       0
       3
       2
       1
       1
       0
       3
       2
       0
       2
       1
       3
       1
       2
       1
       0
       1
       0
       0
       0
       1
       1
       3
       1
       3
       2
       1
       1
       3
       0
       1
       0
       0
       0
       2
       0
       0
       2
       3
       1
       0
       0
       0
       0
       0
       1
       0
       1
       0
       0
       2
       2
       3
       1
       0
       1
       1
       0
       0
       0
       0
       1
       1
       0
       0
       1
       2
       0
       1
       3
       1
       2
       0
       4
       1
       1
       1
       0
       1
       0
       0
       1
       1
       0
       1
       2
       2
       0
       4
       3
       1
       3
       0
       0
       1
       1
       0
       1
       0
       0
       3
       2
       3
       2
       1
       4
       0
       1
       0
       2
       1
       3
       1
       0
       2
       3
       1
       0
       1
       0
       2
       1
       1
       4
       0
       1
       0
       1
       0
       2
       0
       0
       0
       0
       3
       1
       1
       3
       1
       2
       0
       0
       0
       1
       1
       1
       1
       1
       0
       2
       1
       2
       2
       0
       0
       1
       0
       2
       2
       1
       0
       1
       0
       0
       2
       0
       1
       0
       4
       0
       0
       2
       2
       2
       1
       1
       0
       4
       4
       1
       1
       0
       3
       2
       2
       0
       2
       1
       0
       1
       3
       1
       0
       0
       1
       0
       1
       1
       0
       2
       2
       1
       3
       0
       2
       0
       1
       2
       0
       3
       2
       2
       1
       3
       1
       1
       0
       0
       2
       0
       1
       1
       1
       2
       1
       0
       0
       2
       0
       0
       2
       0
       0
       0
       0
       2
       1
       0
       1
       1
       3
       0
       0
       1
       1
       1
       0
       1
       2
       0
       2
       2
       1
       0
       0
       1
       1
       2
       1
       1
       1
       1
       0
       3
       2
       1
       0
       1
       3
       1
       1
       0
       3
       1
       0
       0
       1
       1
       1
       1
       1
       3
       3
       3
       1
       0
       0
       0
       0
       2
       1
       2
       2
       0
       1
       0
       0
       2
       0
       0
       1
       0
       2
       2
       1
       2
       1
       0
       3
       1
       2
       2
       3
       1
       1
       1
       0
       0
       1
       0
       0
       0
       0
       0
       0
       1
       1
       0
       1
       0
       1
       2
       0
       1
       3
       0
       1
       0
       1
       2
       2
       1
       2
       0
       0
       4
       0
       0
       1
       1
       3
       0
       2
       0
       1
       0
       0
       0
       1
       2
       0
       0
       2
       1
       2
       0
       2
       1
       1
       0
       0
       2
       4
       0
       0
       0
       0
       0
       3
       0
       1
       1
       2
       0
       1
       1
       2
       0
       0
       2
       2
       0
       0
       0
       0
       0
       0
       1
       2
       2
       0
       0
       0
       1
       1
       1
       1
       0
       1
       0
       0
       2
       1
       2
       0
       1
       1
       0
       0
       2
       0
       0
       2
       1
       1
       0
       0
       0
       1
       1
       0
       1
       0
       1
       0
       1
       1
       2
       0
       2
       0
       0
       2
       1
       3
       0
       1
       0
       0
       0
       2
       0
       0
       1
       1
       3
       0
       1
       0
       0
       1
       1
       0
       2
       0
       1
       1
       1
       1
       1
       2
       1
       3
       0
       0
       2
       0
       0
       0
       1
       1
       0
       0
       0
       0
       0
       1
       2
       3
       2
       0
       1
       0
       3
       0
       0
       1
       1
       0
       0
       0
       2
       1
       1
       0
       1
       0
       0
       2
       0
       0
       0
       0
       1
       1
       3
       2
       0
       1
       0
       1
       0
       0
       0
       0
       2
       0
       0
       1
       1
       1
       0
       0
       2
       1
       1
       1
       1
       1
       0
       0
       1
       1
       1
       0
       1
       0
       0
       2
       0
       1
       0
       0
       1
       2
       1
       4
       0
       0
       0
       0
       0
       1
       0
       2
       0
       0
       0
       0
       0
       1
       1
       0
       0
       1
       0
       0
       0
       2
       1
       0
       0
       2
       1
       1
       1
       1
       1
       1
       1
       3
       0
       1
       0
       0
       2
       0
       0
       1
       0
       0
       1
       0
       0
       1
       0
       0
       1
       0
       1
       0
       0
       1
       2
       0
       2
       1
       0
       2
       0
       2
       0
       2
       0
       1
       0
       0
       2
       1
       0
       1
       0
       0
       0
       2
       0
       1
       0
       1
       1
       1
       2
       0
       0
       1
       1
       1
       0
       3
       0
       0
       1
       1
       2
       0
       1
       1
       0
       2
       0
       0
       1
       0
       1
       1
       0
       1
       0
       1
       0
       0
       2
       0
       0
       1
       0
       0
       0
       2
       1
       0
       0
       2
       0
       1
       1
       0
       2
       1
       2
       1
       1
       0
       1
       1
       1
       1
       0
       2
       2
       1
       2
       0
       0
       1
       1
       0
       1
       1
       0
       0
       1
       0
       0
       0
       0
       0
       1
       1
       0
       2
       0
       0
       2
       1
       0
       0
       0
       0
       0
       0
       0
       1
       1
       1
       1
       0
       1
       2
       0
       0
       3
       0
       2
       0
       1
       0
       0
       1
       1
       0
       1
       1
       2
       1
       0
       0
       0
       0
       1
       0
       0
       2
       1
       0
       1
       1
       2
       1
       1
       1
       0
       0
       0
       1
       3
       1
       1
       1
       0
       0
       0
       0
       0
       0
       0
       0
       1
       0
       1
       0
       0
       0
       0
       1
       6
       1
       3
       0
       0
       1
       0
       0
       0
       1
       1
       0
       0
       1
       0
       0
       1
       0
       2
       0
       0
       3
       1
       0
       1
       0
       0
       1
       0
       1
       1
       0
       0
       0
       1
       0
       1
       0
       0
       0
       1
       1
       1
       0
       0
       0
       0
       1
       1
       0
       0
       0
       0
       0
       1
       0
       2
       1
       0
       2
       4
       0
       1
       1
       0
       1
       1
       0
       0
       0
       0
       1
       1
       0
       1
       2
       0
       0
       0
       0
       0
       0
       0
       1
       0
       1
       1
       0
       0
       1
       1
       0
       0
       0
       0
       1
       0
       0
       0
       0
       0
       1
       0
       2
       1
       1
       1
       1
       0
       0
       0
       0
       1
       0
       1
       1
       0
       0
       4
       2
       0
       0
       0
       0
       1
       1
       0
       1
       0
       0
       0
       1
       1
       0
       0
       0
       2
       1
       0
       2
       0
       0
       0
       1
       0
       0
       0
       0
       0
       0
       0
       1
       0
       0
       1
       1
       0
       0
       0
       0
       1
       0
       0
       0
       0
       1
       1
       1
       3
       0
       0
       0
       1
       1
       0
       0
       0
       0
       0
       0
       1
       1
       0
       1
       0
       1
       0
       1
       1
       1
       0
       0
       0
       0
       0
       1
       0
       0
       0
       0
       0
       0
       0
       1
       0
       1
       1
       0
       1
       0
       0
       0
       0
       1
       0
       0
       0
       0
       0
       0
       0
       1
       0
       2
       1
       0
       1
       0
       2
       0
       3
       0
       0
       1
       1
       0
       1
       0
       0
       0
       0
       1
       0
       1
       0
       1
       0
       0
       0
       0
       2
       1
       0
       0
       1
       1
       1
       0
       1
       0
       1
       0
       1
       0
       0
       0
       1
       0
       0
       0
       0
       1
       0
       1
       0
       0
       2
       0
       0
       0
       0
       0
       0
       0
       0
       0
       0
       1
       0
       0
       1
       0
       0
       1
       1
       0
       0
       0
       0
       0
       0
       0
       0
       1
       1
       0
       0
       0
       0
       1
       0
       0
       2
       0
       0
       1
       0
       0
       1
       1
       0
       2
       0
       1
       0
       0
       0
       0
       1
       0
       1
       0
       1
       0
       0
       0
       0
       0
       0
       0
       0
       2
       2
       1
       0
       0
       0
       1
       0
       1
       0
       0
       0
       2
       0
       0
       0
       0
       0
       0
       1
       0
       1
       2
       0
       1
       0
       0
       0
       0
       0
       0
       1
       1
       0
       0
       1
       1
       0
       1
       0
       0
       0
       0
       1
       0
       0
       0
       0
       0
       2
       0
       0
       0
       1
       2
       0
       0
       1
       1
       1
       1
       0
       0
       0
       0
       0
       0
       0
       0
       0
       0
       0
       0
       0
       0
       0
       1
       1
       0
       1
       1
       1
       0
       1
       1
       0
       1
       0
       1
       0
       1
       0
       0
       1
       0
       0
       0
       0
       0
       1
       0
       1
       0
       0
       1
       0
       0
       0
       0
       0
       0
       1
       0
       0
       0
       0
       0
       1
       1
       0
       0
       0
       0
       0
       2
       0
       0
       0
       0
       0
       0
       0
       0
       0
       0
       1
       0
       1
       1
       0
       0
       1
       0
       1
       0
       2
       3
       1
       1
       0
       1
       0
       0
       0
       0
       0
       0
       0
       1
       0
       0
       1
       0
       0
       0
       1
       0
       1
       0
       1
       0
       0
       0
       2
       0
       0
       0
       0
       1
       0
       2
       0
       0
       0
       0
       0
       1
       0
       0
       1
       1
       0
       0
       0
       1
       0
       0
       0
       0
       0
       2
       0
       1
       0
       0
       0
       0
       1
       0
       1
       0
       0
       0
       0
       1
       1
       1
       0
       0
       2
       1
       1
       0
       1
       0
       0
       0
       0
       0
       0
       1
       0
       0
       1
       0
       0
       0
       0
       1
       0
       0
       0
       2
       0
       0
       1
       0
       0
       1
       0
       0
       0
       0
       0
       1
       0
       0
       0
       0
       0
       0
       0
       0
       0
       1
       2
       0
       0
       0
       0
       1
       0
       1
       1
       0
       1
       0
       1
       0
       0
       0
       0
       0
       0
       0
       1
       0
       0
       0
       0
       0
       0
       1
       0
       0
       0
       1
       0
       0
       0
       1
       2
       2
       1
       0
       1
       0
       0
       0
       0
       1
       1
       0
       0
       0
       1
       0
       1
       1
       1
       0
       0
       0
       0
       1
       0
       0
       0
       0
       1
       0
       0
       1
       0
       0
       0
       0
       0
       0
       1
       0
       0
       0
       0
       0
       0
       1
       0
       0
       0
       0
       0
       0
       0
       0
       0
       0
       0
       1
       0
       0
       0
       0
       0
       0
       1
       0
       0
       0
       1
       0
       0
       0
       0
       0
       0
       0
       2
       1
       0
       0
       0
       0
       0
       0
       0
       0
       0
       0
       2
       1
       1
       0
       0
       0
       1
       0
       1
       0
       0
       1
       2
       1
       0
       0
       0
       0
       0
       0
       0
       0
       0
       0
       0
       0
       1
       0
       0
       0
       0
       0
       0
       1
       0
       0
       0
       0
       1
       0
       1
       2
       1
       0
       0
       0
       0
       1
       0
       0
       0
       0
       0
       0
       0
       1
       0
       1
       0
       0
       0
       0
       0
       1
       1
       0
       0
       1
       0
       0
       0
       0
       0
       0
       0
       0
       1
       1
       0
       0
       0
       0
       0
       0
       0
       0
       0
       0
       0
       0
       0
       0
       1
       1
       0
       0
       0
       0
       0
       0
       0
       0
       1
       0
       0
       0
       1
       0
       0
       0
       0
       2
       0
       0
       1
       1
       0
       0
       0
       0
       0
       0
       0
       0
       0
       0
       0
       1
       0
       2
       0
       0
       0
       0
       0
       0
       1
       0
       2
       0
       0
       1
       0
       0
       0
       0
       1
       0
       0
       0
       0
       0
       0
       1
       0
       0
       0
       0
       0
       0
       0
       0
       0
       0
       0
       0
       0
       0
       0
       1
       1
       0
       1
       0
       0
       0
       0
       0
       1
       0
       0
       0
       0
       0
       0
       1
       0
       0
       0
       0
       0
       1
       0
       0
       0
       0
       1
       0
       0
       0
       0
       1
       0
       0
       0
       0
       0
       0
       0
       0
       0
       0
       1
       0
       0
       0
       1
       0
       0
       1
       0
       0
       0
       0
       0
       1
       0
       0
       0
       0
       0
       0
       0
       0
       0
       0
       0
       0
       0
       0
       0
       1
       0
       0
       0
       0
       1
       0
       0
       0
       1
       1
       0
       0
       0
       0
       0
       0
       0
       0
       0
       0
       0
       0
       0
       0
       1
       2
       0
       1
       1
       0
       0
       0
       0
       0
       0
       0
       0
       1
       0
       0
       0
       0
       0
       0
       0
       0
       1
       1
       1
       0
       0
       1
       0
       0
       1
       0
       0
       0
       0
       0
       0
       0
       0
       1
       0
       0
       0
       0
       1
       1
       0
       2
       0
       2
       0
       0
       0
       1
       0
       0
       0
       0
       0
       0
       0
       0
       0
       0
       0
       1
       0
       1
       0
       1
       0
       0
       0
       0
       0
       0
       0
       0
       0
       0
       0
       0
       1
       0
       0
       1
       0
       0
       0
       0
       0
       0
       0
       1
       0
       0
       0
       1
       0
       0
       0
       0
       0
       0
       0
       0
       0
       1
       0
       0
       1
       0
       1
       0
       0
       0
       0
       0
       0
       0
       0
       0
       0
       0
       0
       0
       0
       0
       0
       0
       0
       0
       0
       0
       0
       0
       0
       0
       0
       0
       0
       0
       0
       0
       1
       0
       0
       0
       1
       1
       0
       0
       0
       0
       0
       0
       1
       0
       0
       0
       0
       0
       0
       0
       0
       0
       0
       0
       0
       0
       0
       0
       0
       0
       1
       0
       0
       0
       1
       0
       0
       1
       0
       0
       1
       0
       0
       1
       0
       0
       0
       0
       1
       0
       0
       0
       0
       1
       1
       0
       0
       1
       0
       0
       0
       0
       0
       0
       0
       0
       0
       0
       1
       0
       0
       0
       0
       0
       0
       0
       1
       0
       0
       0
       0
       0
       1
       0
       0
       0
       0
       0
       0
       0
       0
       0
       0
       0
       0
       0
       1
       0
       1
       1
       0
       1
       0
       0
       1
       0
       0
       0
       0
       0
       0
       0
       0
       0
       1
       1
       0
       0
       0
       0
       0
       0
       0
       0
       0
       0
       0
       0
       0
       0
       0
       0
       0
       0
       0
       0
       0
       0
       0
       0
       0
       0
       0
       1
       1
       1
       0
       0
       0
       0
       0
       0
       1
       0
       0
       0
       1
       0
       0
       0
       0
       0
       0
       0
       0
       0
       0
       0
       0
       0
       0
       0
       1
       0
       0
       0
       0
       0
       0
       0
       0
       1
       0
       0
       0
       0
       1
       0
       0
       0
       0
       0
       0
       0
       0
       0
       0
       0
       0
       0
       0
       0
       0
       0
       0
       0
       0
       0
       0
       0
       0
       1
       1
       0
       0
       0
       0
       0
       0
       0
       0
       0
       0
       0
       0
       0
       0
       0
       0
       0
       0
       0
       0
       0
       0
       1
       0
       0
       1
       0
       0
       0
       0
       2
       0
       1
       0
       0
       0
       0
       1
       0
       1
       0
       0
       0
       0
       0
       0
       0
       0
       0
       0
       0
       0
       0
       0
       1
       0
       0
       0
       0
       0
       1
       0
       0
       0
       0
       0
       0
       0
       0
       0
       0
       0
       0
       1
       0
       0
       0
       0
       0
       2
       0
       0
       0
       0
       0
       0
       1
       0
       1
       1
       1
       0
       1
       0
       0
       0
       0
       1
       0
       0
       1
       0
       0
       0
       0
       0
       0
       0
       0
       0
       0
       0
       0
       0
       0
       0
       0
       0
       0
       0
       0
       1
       1
       0
       0
       0
       0
       0
       0
       0
       0
       0
       0
       0
       0
       0
       0
       1
       0
       0
       0
       1
       1
       0
       0
       0
       0
       0
       0
       0
       0
       1
       0
       0
       0
       0
       0
       0
       0
       0
       0
       0
       0
       0
       0
       0
       0
       0
       0
       0
       0
       0
       0
       1
       0
       1
       1
       0
       0
       0
       0
       0
       0
       0
       0
       1
       0
       0
       0
       0
       0
       0
       0
       2
       1
       0
       0
       0
       1
       1
       1
       0
       0
       0
       0
       2
       0
       0
       1
       1
       0
       0
       0
       0
       0
       0
       0
       0
       0
       1
       0
       0
       0
       0
       0
       0
       0
       0
       1
       0
       0
       1
       0
       0
       0
       0
       0
       0
       0
       1
       0
       0
       0
       0
       0
       0
       0
       0
       0
       0
       0
       0
       0
       0
       0
       0
       0
       0
       0
       0
       0
       0
       0
       1
       0
       0
       1
       0
       0
       0
       0
       0
       0
       0
       0
       0
       0
       0
       0
       0
       0
       0
       0
       0
       0
       0
       0
       1
       0
       0
       0
       0
       0
       0
       0
       0
       0
       0
       1
       0
       0
       0
       0
       0
       0
       0
       0
       0
       0
       1
       0
       0
       0
       1
       0
       0
       1
       0
       0
       1
       0
       1
       1
       0
       0
       0
       0
       0
       0
       0
       0
       0
       0
       0
       0
       0
       0
       0
       0
       1
       0
       0
       0
       0
       0
       0
       0
       0
       0
       0
       0
       0
       0
       0
       0
       0
       0
       0
       0
       0
       0
       0
       0
       0
       0
       0
       0
       0
       0
       0
       0
       0
       0
       0
       0
       0
       0
       0
       0
       0
       0
       0
       0
       0
       0
       0
       0
       0
       1
       0
       0
       0
       0
       0
       0
       1
       0
       0
       0
       1
       0
       0
       0
       0
       1
       0
       0
       0
       0
       0
       0
       0
       1
       1
       0
       0
       0
       0
       0
       0
       0
       0
       0
       0
       0
       0
       0
       0
       0
       0
       0
       0
       0
       0
       0
       0
       0
       0
       0
       0
       1
       0
       0
       0
       0
       0
       0
       0
       0
       0
       0
       0
       0
       0
       0
       0
       0
       0
       0
       0
       0
       0
       0
       0
       0
       0
       0
       0
       0
       0
       1
       0
       0
       0
       0
       0
       0
       0
       1
       0
       0
       0
       0
       0
       0
       0
       0
       0
       0
       1
       0
       0
       0
       1
       0
       0
       0
       0
       1
       2
       0
       0
       0
       0
       0
       0
       0
       0
       0
       0
       0
       0
       0
       0
       0
       0
       0
       0
       0
       0
       0
       1
       0
       0
       0
       1
       0
       0
       0
       0
       0
       0
       0
       0
       0
       0
       1
       0
       0
       0
       0
       0
       0
       0
       0
       0
       0
       0
       0
       0
       0
       0
       0
       0
       0
       0
       0
       0
       0
       0
       0
       0
       0
       0
       0
       0
       0
       0
       0
       0
       0
       0
       0
       0
       0
       0
       0
       0
       0
       0
       0
       0
       0
       0
       0
       0
       0
       0
       0
       0
       0
       0
       0
       0
       0
       0
       0
       0
       0
       0
       0
       0
       0
       0
$ROI:
3
5 213
215 1972
4034 4072
$PRESETS:
None
0
0
$ENER_FIT:
0.000000 0.000000
$MCA_CAL:
3
0.000000E+000 0.000000E+000 0.000000E+000 
$SHAPE_CAL:
3
0.000000E+000 0.000000E+000 0.000000E+000
