$SPEC_ID:
Silicon
$SPEC_REM:
DET# 3
DETDESC# 78-GP-NB0025 Model 928 SN 15355078
AP# Maestro Version 7.01
$DATE_MEA:
03/18/2024 21:53:10
$MEAS_TIM:
1135 1229
$DATA:
0 4095
       0
       0
       0
       0
       0
       0
       0
       0
       0
       0
       1
  133636
 5420757
 2106327
 1504430
 1273660
 1086056
  921880
  775581
  654733
  557563
  476844
  409531
  355237
  309484
  271371
  237658
  208914
  185623
  163868
  145383
  127947
  113734
  100668
   88263
   78614
   69077
   61050
   53672
   47457
   41688
   36487
   31765
   27815
   24426
   21414
   18750
   16097
   14173
   12172
   10550
    9353
    8024
    7240
    6239
    5417
    4915
    4289
    3802
    3337
    3015
    2696
    2401
    2183
    2007
    1737
    1653
    1548
    1383
    1328
    1195
    1142
    1042
    1018
     968
     907
     877
     776
     778
     691
     724
     674
     635
     600
     545
     573
     587
     531
     531
     497
     486
     507
     413
     451
     454
     462
     406
     396
     441
     377
     375
     385
     365
     377
     317
     317
     363
     330
     329
     287
     313
     280
     278
     299
     275
     284
     273
     239
     261
     249
     267
     243
     244
     216
     215
     235
     221
     216
     219
     178
     197
     229
     199
     199
     213
     168
     176
     168
     186
     191
     171
     142
     179
     173
     171
     141
     161
     151
     160
     142
     159
     152
     122
     136
     146
     146
     140
     150
     122
     138
     119
     136
     128
     117
     112
     135
     111
     123
     101
      97
      91
     106
     115
     109
      97
     104
      95
     128
     102
      97
      92
      86
      97
      97
      86
      79
      79
      99
      78
      87
      88
      76
      85
      85
      89
      82
      86
      79
      71
      80
      77
      82
      57
      83
      76
      73
      70
      70
      87
      80
      83
      72
      75
      55
      52
      69
      73
      75
      68
      58
      67
      67
      71
      63
      66
      76
      57
      56
      56
      64
      53
      59
      67
      53
      41
      59
      56
      59
      62
      48
      56
      55
      57
      51
      41
      56
      52
      58
      45
      54
      52
      50
      51
      51
      42
      44
      58
      45
      50
      45
      45
      45
      50
      51
      47
      37
      42
      35
      40
      36
      49
      35
      33
      42
      41
      34
      41
      34
      48
      36
      54
      30
      41
      36
      36
      31
      37
      37
      47
      36
      32
      32
      24
      45
      24
      37
      38
      40
      33
      40
      27
      30
      40
      38
      39
      32
      26
      37
      31
      27
      23
      49
      28
      29
      32
      18
      22
      32
      34
      28
      31
      37
      25
      28
      25
      16
      20
      31
      29
      32
      39
      36
      23
      28
      25
      26
      22
      22
      20
      23
      20
      24
      29
      32
      29
      24
      35
      25
      24
      26
      20
      18
      27
      19
      22
      25
      19
      23
      16
      22
      28
      27
      18
      26
      34
      23
      23
      21
      13
      18
      23
      18
      21
      20
      22
      23
      23
      22
      21
      26
      18
      18
      19
      21
      26
      18
      22
      17
      17
      26
      29
      19
       8
      23
      16
      24
      21
      23
      19
      18
      22
      16
      18
      18
      20
      20
      23
      21
      20
      19
      12
      19
      10
      19
      14
      14
      14
      14
      22
      24
      18
      22
      14
      19
      16
      16
      15
      20
      16
      18
      12
      14
      15
      13
      17
       9
      13
      16
      11
      21
      15
      17
      20
      12
      13
      12
      16
       7
      14
      15
      14
      20
      15
      15
      15
       9
      14
      12
      14
      13
       8
      18
      14
      24
      11
      10
       8
       9
      10
      21
      10
       8
       9
      12
       8
      22
      17
       8
       9
      12
      16
      12
      11
       7
      11
      10
      12
      10
      13
      13
       8
      13
      21
      11
       8
      17
      11
      13
      10
      18
       9
       9
       8
       5
      15
      13
       7
      11
      14
      10
       3
      14
       7
      12
      13
      10
      18
      13
      13
      19
      12
      14
      12
      11
      10
       4
      11
       8
      11
      10
      12
      11
      13
      10
      10
      10
      18
       4
      12
       9
      10
      14
       7
      11
       8
      12
       7
       7
       7
       9
      12
      12
      11
       9
       7
       9
       6
      12
       6
       8
      11
       5
      10
       9
       6
       9
       7
       6
      14
       8
      10
       8
       9
       6
      14
      15
       8
      10
       3
       3
       3
      13
       6
      12
       9
       8
       7
      10
       8
       7
       5
      13
       4
       6
       9
       9
       7
       8
      11
      12
       9
       8
      12
      12
       6
      13
       9
       5
      10
       5
      12
      10
       6
      13
       8
       9
       7
       6
       6
       7
       8
       8
       5
       5
      10
       8
       5
      11
       6
       7
       7
       5
       8
       6
       8
       7
       5
       6
       9
       7
       7
       7
       7
       5
       3
      13
       8
       6
       3
       8
       6
       3
       7
       3
       4
      15
       4
       6
       6
       9
       5
       8
       5
       9
       9
      11
       8
       6
      10
       6
       7
       5
       4
       7
       8
       9
       9
       6
       3
       5
       8
       6
       4
       4
       6
       5
       5
       8
       5
       4
       5
       8
       5
       4
       3
       7
      12
       9
       5
       3
      11
       8
       4
       3
       2
       6
       3
       3
       8
       8
       6
       6
       8
       5
       9
       9
       4
       2
       5
      11
       4
       4
       7
       3
       7
       6
       6
       3
       7
       3
       2
      11
       5
       3
       7
       6
       4
       8
       7
       4
       4
       5
       2
       8
       1
       4
       5
       5
       6
       2
       5
       3
       7
       8
       3
       8
       3
       4
      10
       1
       2
       2
       5
       5
       2
       8
       8
       7
       2
       5
       7
       6
       7
       1
       3
       3
       7
       4
       1
       3
       8
       4
       2
       6
       2
       2
       6
       4
       3
       9
       4
       7
       3
       5
       2
       5
       5
       6
       4
       3
       3
       4
       4
       5
       7
       4
       3
       6
       9
       2
       6
       5
       4
       4
       0
       5
       4
       4
       6
       2
       5
       6
       2
       2
       5
       6
       3
       6
       3
       3
       3
       1
       5
       4
       4
       1
       5
       6
       4
       3
       0
       4
       2
       5
       3
       2
       2
       7
       3
       2
       3
       3
       3
       1
       4
       4
       5
       3
       3
       4
       2
       2
       5
       5
       3
       1
       3
       5
       3
       3
       6
       1
       3
       2
       5
       4
       3
       2
       8
       0
       3
       2
       6
       4
       3
       4
       5
       2
       7
       3
       2
       3
       4
       3
       7
       3
       5
       3
       3
       7
       5
       4
       8
       3
       5
       5
       4
       8
       1
       1
       1
       4
       4
       2
       4
       1
       2
       2
       4
       2
       2
       2
       5
       3
       6
       2
       3
       0
       2
       1
       3
       5
       1
       7
       3
       1
       2
       7
       3
       0
       2
       3
       4
       1
       2
       4
       4
       2
       2
       4
       4
       1
       4
       2
       1
       3
       2
       0
       4
       3
       2
       5
       4
       5
       1
       2
       1
       0
       3
       2
       3
       2
       4
       2
       4
       2
       3
       1
       0
       1
       2
       5
       2
       2
       6
       2
       3
       1
       5
       3
       2
       1
       1
       3
       1
       4
       2
       0
       3
       5
       4
       1
       4
       2
       4
       1
       3
       1
       1
       2
       2
       1
       2
       4
       2
       6
       5
       0
       3
       4
       5
       4
       2
       3
       3
       4
       1
       2
       2
       2
       3
       4
       2
       1
       1
       1
       2
       4
       4
       0
       3
       3
       0
       3
       2
       2
       1
       2
       1
       1
       1
       6
       2
       1
       1
       3
       5
       3
       0
       2
       2
       2
       5
       2
       2
       2
       0
       0
       3
       3
       1
       3
       6
       2
       2
       0
       2
       0
       2
       3
       1
       0
       2
       2
       3
       0
       1
       2
       3
       2
       2
       2
       0
       2
       3
       0
       3
       2
       1
       0
       1
       0
       1
       0
       1
       5
       1
       4
       3
       1
       1
       2
       1
       2
       0
       7
       2
       2
       2
       3
       2
       4
       4
       1
       2
       1
       1
       1
       1
       1
       2
       2
       3
       1
       2
       1
       1
       3
       1
       2
       2
       1
       1
       0
       2
       0
       1
       3
       0
       3
       1
       2
       0
       5
       1
       0
       2
       0
       1
       0
       1
       2
       1
       3
       4
       3
       2
       0
       1
       1
       4
       3
       1
       1
       1
       1
       1
       0
       1
       0
       3
       2
       2
       1
       4
       1
       1
       2
       2
       0
       2
       5
       3
       0
       2
       3
       1
       2
       0
       3
       1
       2
       2
       0
       3
       0
       0
       2
       3
       1
       1
       2
       4
       2
       2
       1
       0
       1
       0
       0
       0
       2
       1
       1
       4
       2
       1
       0
       1
       2
       2
       1
       4
       5
       2
       4
       3
       1
       5
       1
       1
       1
       1
       1
       3
       0
       2
       1
       2
       1
       1
       3
       0
       2
       3
       1
       1
       2
       0
       1
       1
       0
       0
       1
       2
       5
       1
       4
       0
       3
       1
       1
       0
       3
       0
       1
       0
       0
       1
       4
       1
       1
       0
       1
       1
       3
       3
       1
       1
       3
       0
       0
       0
       0
       4
       1
       2
       1
       1
       2
       4
       3
       0
       2
       5
       4
       3
       2
       0
       3
       1
       0
       2
       2
       1
       4
       1
       0
       0
       0
       3
       3
       2
       2
       2
       2
       5
       1
       0
       1
       2
       0
       1
       2
       2
       1
       2
       1
       0
       1
       2
       1
       0
       1
       5
       1
       2
       0
       1
       1
       0
       1
       1
       4
       1
       2
       1
       2
       1
       3
       3
       2
       4
       1
       0
       2
       2
       1
       2
       1
       2
       1
       1
       0
       0
       1
       0
       0
       1
       3
       1
       1
       2
       5
       0
       1
       2
       0
       1
       1
       2
       1
       0
       0
       1
       2
       1
       0
       5
       0
       2
       0
       0
       4
       3
       1
       2
       2
       3
       2
       1
       4
       2
       0
       4
       2
       1
       1
       2
       1
       1
       3
       3
       2
       1
       1
       0
       0
       1
       1
       1
       3
       2
       3
       2
       1
       0
       4
       1
       1
       1
       1
       0
       0
       2
       4
       0
       1
       0
       1
       1
       0
       0
       1
       0
       0
       0
       2
       1
       2
       0
       0
       2
       1
       0
       3
       1
       2
       0
       1
       1
       1
       0
       0
       0
       3
       2
       1
       0
       3
       2
       2
       1
       2
       1
       0
       1
       1
       2
       0
       0
       0
       0
       0
       1
       1
       2
       3
       1
       2
       0
       3
       2
       1
       0
       3
       1
       0
       1
       1
       0
       0
       1
       1
       1
       1
       0
       1
       0
       2
       1
       1
       1
       1
       0
       2
       2
       0
       1
       0
       1
       1
       1
       1
       2
       2
       2
       0
       3
       0
       1
       0
       2
       0
       1
       3
       3
       3
       1
       0
       0
       1
       1
       1
       0
       2
       2
       0
       1
       0
       0
       2
       0
       2
       1
       0
       3
       0
       2
       0
       2
       1
       1
       0
       1
       2
       0
       0
       1
       4
       1
       0
       1
       1
       1
       1
       0
       0
       2
       2
       0
       0
       0
       1
       0
       3
       1
       2
       0
       1
       0
       1
       0
       1
       3
       0
       2
       3
       1
       0
       0
       1
       2
       1
       0
       1
       1
       0
       1
       1
       0
       1
       1
       2
       2
       2
       1
       2
       2
       1
       2
       1
       2
       1
       1
       0
       1
       0
       1
       2
       1
       2
       2
       3
       1
       1
       3
       0
       1
       1
       1
       2
       0
       1
       1
       2
       5
       1
       1
       1
       2
       0
       0
       1
       1
       2
       2
       0
       1
       2
       1
       0
       1
       0
       1
       2
       0
       2
       3
       0
       0
       1
       2
       1
       0
       0
       1
       1
       0
       0
       1
       0
       1
       0
       0
       1
       2
       0
       0
       1
       0
       0
       2
       0
       0
       1
       1
       1
       4
       0
       1
       1
       0
       1
       0
       1
       2
       0
       1
       0
       1
       3
       0
       0
       2
       0
       1
       2
       3
       2
       2
       2
       1
       0
       1
       0
       0
       0
       0
       0
       0
       0
       1
       0
       1
       3
       1
       3
       0
       0
       0
       1
       3
       0
       1
       1
       0
       1
       3
       0
       0
       1
       0
       2
       1
       3
       0
       0
       1
       0
       1
       0
       1
       1
       1
       0
       2
       3
       0
       1
       2
       0
       0
       2
       0
       0
       0
       0
       0
       2
       1
       0
       1
       2
       1
       1
       0
       2
       0
       2
       1
       3
       0
       3
       1
       1
       1
       0
       2
       2
       3
       0
       1
       2
       3
       0
       0
       0
       1
       2
       1
       0
       0
       0
       1
       0
       0
       0
       0
       3
       1
       1
       0
       1
       0
       2
       0
       1
       0
       1
       1
       0
       1
       0
       1
       1
       0
       0
       0
       0
       0
       2
       0
       1
       0
       3
       1
       0
       0
       1
       2
       3
       1
       0
       0
       1
       1
       1
       2
       0
       1
       2
       3
       1
       1
       0
       1
       2
       1
       0
       0
       0
       0
       2
       0
       2
       1
       1
       1
       2
       0
       0
       1
       0
       4
       1
       1
       1
       1
       2
       1
       1
       0
       0
       1
       0
       1
       0
       0
       1
       0
       2
       1
       0
       2
       1
       1
       1
       1
       1
       1
       1
       1
       3
       1
       0
       1
       1
       1
       1
       1
       0
       1
       4
       1
       1
       0
       1
       1
       1
       0
       1
       1
       1
       0
       0
       1
       0
       0
       1
       2
       2
       1
       1
       0
       0
       0
       1
       2
       2
       2
       2
       1
       0
       0
       1
       0
       1
       1
       2
       0
       1
       1
       2
       0
       0
       0
       1
       2
       0
       1
       0
       1
       2
       0
       1
       1
       0
       1
       0
       0
       0
       1
       0
       2
       0
       0
       0
       0
       0
       0
       1
       0
       0
       0
       2
       3
       2
       0
       0
       1
       1
       2
       1
       0
       2
       0
       1
       0
       0
       1
       1
       1
       1
       1
       2
       1
       0
       1
       0
       0
       2
       0
       0
       1
       0
       3
       2
       0
       1
       1
       0
       0
       1
       1
       0
       1
       1
       2
       1
       1
       0
       2
       1
       2
       0
       1
       2
       1
       0
       1
       1
       1
       0
       0
       1
       4
       0
       2
       1
       1
       0
       0
       1
       2
       0
       0
       0
       0
       1
       1
       0
       3
       1
       0
       0
       1
       3
       0
       1
       1
       1
       0
       0
       1
       1
       0
       1
       0
       3
       0
       0
       5
       1
       0
       0
       1
       0
       1
       1
       2
       0
       2
       1
       0
       1
       0
       0
       2
       0
       1
       0
       1
       0
       0
       0
       1
       1
       0
       2
       3
       0
       1
       1
       1
       0
       1
       0
       2
       3
       3
       2
       1
       1
       1
       0
       0
       1
       0
       0
       0
       1
       1
       0
       0
       1
       0
       1
       2
       1
       1
       1
       1
       1
       0
       1
       0
       2
       1
       1
       0
       1
       3
       0
       1
       0
       1
       0
       0
       0
       1
       0
       1
       0
       2
       1
       0
       0
       1
       0
       1
       2
       2
       1
       1
       1
       0
       0
       0
       1
       1
       0
       0
       0
       0
       0
       0
       2
       0
       0
       1
       0
       0
       0
       1
       0
       0
       0
       1
       0
       0
       1
       0
       2
       0
       0
       0
       0
       0
       1
       0
       1
       0
       1
       1
       0
       1
       0
       2
       1
       0
       1
       0
       0
       1
       0
       1
       0
       0
       1
       0
       1
       0
       0
       0
       1
       0
       1
       1
       1
       1
       0
       0
       0
       0
       0
       0
       0
       0
       0
       0
       1
       1
       2
       0
       2
       1
       1
       0
       0
       1
       0
       0
       0
       1
       0
       0
       1
       0
       0
       1
       0
       1
       0
       1
       1
       0
       0
       0
       0
       1
       0
       0
       1
       0
       0
       0
       0
       0
       0
       1
       0
       0
       0
       0
       0
       0
       1
       1
       0
       0
       0
       1
       2
       0
       1
       3
       3
       0
       1
       0
       1
       1
       1
       0
       2
       0
       2
       0
       1
       0
       0
       0
       0
       2
       1
       0
       1
       1
       0
       0
       0
       1
       0
       0
       0
       0
       0
       0
       1
       1
       0
       0
       1
       0
       0
       2
       0
       0
       0
       0
       1
       1
       0
       1
       1
       0
       2
       0
       0
       0
       1
       0
       0
       1
       1
       0
       0
       1
       1
       1
       0
       2
       0
       0
       0
       0
       2
       0
       1
       2
       1
       0
       1
       0
       1
       1
       0
       0
       0
       1
       0
       0
       0
       0
       0
       1
       2
       0
       0
       1
       0
       1
       0
       1
       1
       0
       0
       1
       2
       0
       0
       0
       0
       1
       0
       0
       1
       0
       0
       0
       0
       2
       0
       0
       0
       0
       1
       0
       0
       0
       0
       0
       0
       0
       0
       0
       0
       0
       0
       0
       0
       0
       0
       0
       1
       2
       0
       0
       0
       0
       1
       2
       0
       0
       0
       0
       1
       0
       0
       0
       1
       1
       1
       0
       0
       0
       1
       0
       0
       0
       1
       1
       0
       0
       1
       0
       1
       0
       0
       1
       1
       0
       0
       1
       0
       0
       1
       0
       0
       0
       1
       0
       0
       0
       1
       0
       1
       0
       0
       0
       0
       0
       0
       1
       0
       0
       0
       0
       0
       1
       1
       1
       0
       0
       0
       1
       0
       0
       1
       0
       0
       0
       1
       2
       1
       1
       0
       0
       0
       2
       0
       0
       1
       0
       0
       0
       0
       1
       1
       0
       0
       0
       1
       1
       0
       0
       1
       0
       1
       0
       0
       1
       0
       0
       1
       2
       0
       1
       0
       2
       0
       1
       0
       0
       0
       0
       0
       0
       0
       0
       1
       0
       1
       0
       0
       0
       0
       0
       1
       0
       0
       0
       0
       1
       2
       1
       0
       2
       0
       0
       0
       1
       1
       0
       0
       0
       1
       1
       0
       0
       0
       0
       0
       0
       0
       0
       0
       1
       1
       0
       0
       0
       0
       0
       0
       0
       0
       1
       0
       0
       0
       0
       1
       0
       0
       0
       1
       0
       0
       0
       0
       0
       0
       0
       0
       0
       0
       0
       0
       0
       0
       0
       1
       1
       0
       0
       1
       1
       0
       1
       0
       0
       0
       0
       0
       0
       0
       1
       1
       0
       0
       0
       0
       0
       0
       1
       0
       0
       0
       0
       0
       0
       0
       0
       0
       0
       0
       0
       0
       0
       0
       0
       0
       0
       0
       0
       0
       0
       0
       0
       0
       0
       0
       0
       1
       0
       1
       1
       0
       0
       1
       0
       0
       0
       0
       0
       2
       0
       0
       0
       0
       0
       0
       0
       0
       0
       1
       1
       0
       0
       0
       0
       0
       0
       0
       0
       0
       0
       0
       0
       0
       0
       1
       2
       0
       0
       0
       2
       0
       0
       0
       2
       0
       0
       0
       1
       0
       0
       0
       1
       0
       0
       0
       0
       1
       0
       0
       0
       0
       0
       0
       0
       0
       0
       3
       0
       0
       0
       0
       0
       0
       0
       0
       0
       0
       0
       0
       0
       1
       2
       0
       0
       0
       0
       0
       0
       0
       0
       0
       0
       0
       1
       0
       0
       1
       0
       0
       1
       0
       0
       0
       0
       2
       0
       1
       0
       0
       1
       0
       0
       0
       0
       0
       0
       0
       0
       0
       1
       0
       0
       0
       0
       0
       0
       0
       0
       1
       0
       1
       1
       1
       1
       0
       0
       0
       0
       0
       0
       2
       0
       0
       1
       1
       0
       0
       0
       0
       1
       2
       0
       0
       0
       0
       0
       0
       0
       0
       0
       0
       0
       2
       0
       0
       0
       0
       0
       0
       0
       0
       1
       0
       1
       0
       1
       0
       0
       0
       0
       0
       0
       1
       0
       0
       2
       1
       0
       0
       0
       0
       0
       0
       0
       0
       1
       0
       1
       1
       0
       0
       0
       0
       0
       0
       0
       0
       0
       1
       0
       0
       0
       0
       0
       0
       0
       0
       0
       0
       1
       0
       0
       0
       0
       1
       0
       0
       1
       0
       0
       1
       0
       0
       0
       2
       0
       0
       0
       0
       0
       1
       0
       0
       0
       0
       0
       1
       0
       0
       1
       0
       0
       0
       1
       0
       1
       0
       0
       1
       0
       0
       0
       0
       0
       0
       1
       0
       0
       0
       0
       0
       0
       1
       0
       0
       0
       0
       0
       0
       0
       0
       0
       0
       0
       0
       1
       0
       0
       0
       0
       0
       1
       0
       0
       1
       0
       0
       0
       0
       0
       0
       0
       0
       0
       0
       0
       0
       0
       3
       0
       0
       0
       0
       0
       0
       0
       0
       0
       0
       0
       0
       0
       0
       1
       0
       0
       1
       0
       1
       0
       0
       1
       0
       0
       1
       0
       0
       0
       0
       1
       0
       0
       0
       0
       1
       1
       2
       1
       0
       0
       0
       0
       0
       0
       0
       2
       0
       0
       0
       0
       0
       1
       0
       0
       0
       0
       0
       1
       0
       0
       0
       0
       0
       0
       0
       0
       0
       0
       0
       1
       0
       0
       0
       0
       0
       1
       0
       0
       0
       1
       0
       0
       0
       0
       0
       0
       0
       0
       0
       0
       0
       0
       0
       0
       0
       2
       0
       0
       0
       0
       0
       0
       0
       0
       0
       0
       0
       1
       0
       0
       0
       0
       0
       0
       0
       0
       0
       0
       0
       1
       0
       0
       0
       0
       0
       0
       0
       0
       0
       0
       0
       1
       0
       0
       0
       0
       1
       0
       0
       0
       0
       0
       0
       0
       0
       0
       0
       0
       0
       0
       0
       0
       0
       0
       0
       0
       0
       1
       0
       1
       0
       0
       0
       0
       0
       0
       0
       0
       0
       1
       0
       0
       0
       0
       0
       0
       0
       1
       0
       0
       0
       0
       0
       0
       0
       0
       0
       0
       0
       1
       0
       0
       1
       0
       0
       0
       0
       0
       0
       0
       0
       0
       1
       0
       0
       1
       0
       0
       1
       1
       0
       0
       0
       2
       0
       0
       0
       0
       1
       0
       0
       0
       0
       0
       0
       0
       1
       0
       1
       1
       0
       0
       0
       1
       0
       0
       0
       0
       1
       0
       0
       0
       0
       0
       1
       0
       0
       0
       0
       1
       0
       1
       0
       0
       0
       0
       0
       0
       0
       1
       0
       1
       0
       0
       0
       1
       0
       0
       0
       0
       0
       0
       0
       0
       0
       1
       0
       0
       0
       0
       0
       0
       0
       1
       0
       0
       0
       0
       0
       1
       0
       0
       0
       0
       0
       0
       0
       0
       0
       0
       0
       2
       0
       0
       0
       0
       0
       0
       0
       0
       1
       0
       0
       0
       0
       1
       0
       0
       0
       0
       0
       0
       0
       0
       0
       0
       0
       0
       0
       0
       0
       0
       0
       0
       0
       0
       0
       0
       0
       1
       1
       0
       0
       0
       0
       0
       0
       0
       0
       0
       0
       0
       0
       0
       0
       1
       0
       0
       0
       0
       0
       0
       0
       0
       0
       0
       0
       1
       0
       1
       0
       0
       1
       0
       0
       0
       0
       0
       0
       2
       0
       0
       0
       0
       0
       0
       0
       0
       0
       0
       0
       1
       0
       0
       0
       0
       0
       0
       0
       0
       0
       0
       0
       0
       0
       0
       0
       0
       0
       0
       0
       0
       0
       0
       0
       0
       0
       1
       0
       0
       1
       1
       0
       0
       0
       0
       0
       0
       1
       0
       1
       0
       0
       0
       1
       0
       0
       0
       0
       0
       0
       0
       1
       0
       1
       0
       0
       0
       0
       0
       0
       0
       0
       0
       0
       0
       0
       0
       0
       0
       0
       0
       0
       0
       0
       1
       0
       0
       0
       1
       0
       1
       0
       0
       0
       0
       0
       0
       0
       0
       0
       0
       0
       0
       0
       1
       0
       0
       0
       1
       0
       0
       0
       0
       0
       0
       0
       0
       1
       0
       0
       0
       0
       0
       0
       0
       1
       0
       0
       0
       0
       0
       0
       0
       0
       0
       0
       0
       0
       0
       0
       0
       0
       1
       0
       0
       1
       0
       0
       0
       0
       0
       0
       0
       0
       0
       0
       0
       1
       0
       0
       0
       0
       0
       0
       0
       0
       0
       1
       0
       0
       0
       0
       0
       1
       0
       0
       0
       0
       0
       0
       1
       0
       0
       0
       0
       0
       0
       0
       0
       0
       0
       0
       0
       0
       0
       0
       0
       0
       0
       0
       0
       0
       0
       1
       0
       0
       0
       0
       0
       0
       0
       0
       0
       0
       0
       1
       0
       0
       0
       0
       0
       0
       0
       0
       0
       0
       1
       0
       0
       0
       0
       0
       0
       0
       0
       0
       0
       1
       0
       0
       0
       0
       0
       0
       0
       0
       0
       0
       0
       0
       0
       0
       1
       0
       0
       2
       0
       0
       1
       2
       1
       0
       0
       0
       1
       0
       0
       0
       0
       0
       0
       0
       0
       0
       0
       1
       0
       0
       1
       0
       0
       0
       0
       0
       0
       0
       0
       0
       0
       0
       0
       0
       0
       0
       0
       0
       0
       0
       0
       0
       0
       0
       0
       0
       0
       0
       1
       0
       0
       0
       0
       0
       0
       0
       0
       0
       0
       0
       0
       0
       0
       1
       0
       0
       0
       0
       0
       0
       0
       0
       1
       0
       1
       0
       1
       0
       0
       0
       0
       0
       0
       0
       1
       0
       0
       0
       1
       0
       0
       1
       0
       0
       0
       0
       0
       0
       0
       1
       0
       0
       0
       0
       0
       0
       0
       1
       0
       0
       0
       0
       0
       0
       0
       0
       0
       0
       0
       0
       0
       0
       0
       0
       0
       0
       0
       1
       0
       0
       0
       0
       0
       0
       0
       1
       0
       3
       0
       0
       0
       0
       0
       0
       0
       0
       0
       0
       0
       0
       1
       0
       0
       0
       0
       0
       0
       1
       0
       0
       0
       0
       0
       0
       0
       0
       0
       0
       1
       0
       0
       0
       1
       0
       1
       0
       0
       0
       0
       0
       0
       0
       1
       0
       0
       0
       0
       0
       1
       0
       0
       0
       0
       0
       0
       0
       0
       0
       0
       0
       0
       0
       0
       0
       0
       0
       0
       0
       0
       0
       0
       0
       0
       0
       0
       0
       0
       1
       0
       1
       0
       0
       0
       0
       0
       0
       0
       0
       0
       0
       0
       0
       0
       1
       0
       0
       0
       0
       0
       0
       0
       1
       0
       1
       0
       0
       0
       0
       0
       0
       0
       0
       0
       0
       0
       1
       0
       0
       0
       0
       0
       1
       0
       0
       0
       0
       0
       0
       1
       1
       0
       0
       0
       0
       0
       0
       0
       0
       0
       0
       0
       0
       0
       0
       0
       0
       0
       0
       1
       0
       1
       0
       0
       0
       0
       0
       0
       0
       0
       1
       0
       0
       0
       0
       0
       1
       0
       0
       0
       0
       0
       0
       0
       0
       0
       0
       0
       0
       0
       0
       0
       0
       0
       0
       0
       0
       0
       0
       0
       0
       0
       2
       0
       0
       0
       0
       0
       0
       0
       1
       1
       0
       0
       0
       0
       0
       0
       1
       0
       0
       1
       0
       0
       0
       0
       0
       0
       0
       0
       0
       0
       0
       0
       1
       0
       0
       0
       0
       0
       0
       0
       0
       0
       0
       0
       0
       0
       0
       0
       0
       0
       0
       0
       0
       0
       0
       0
       0
       0
       0
       0
       0
       0
       0
       0
       0
       0
       0
       0
       0
       0
       0
       0
       0
       0
       0
       0
       0
       0
       0
       0
       0
       0
       0
       0
       0
       0
       0
       0
       0
       0
       0
       0
       0
       0
       0
       0
       0
$ROI:
3
5 213
215 1972
4034 4072
$PRESETS:
None
0
0
$ENER_FIT:
0.000000 0.000000
$MCA_CAL:
3
0.000000E+000 0.000000E+000 0.000000E+000 
$SHAPE_CAL:
3
0.000000E+000 0.000000E+000 0.000000E+000
