$SPEC_ID:
Silicon
$SPEC_REM:
DET# 3
DETDESC# 78-GP-NB0025 Model 928 SN 15355078
AP# Maestro Version 7.01
$DATE_MEA:
03/15/2024 17:37:22
$MEAS_TIM:
217 312
$DATA:
0 4095
       0
       0
       0
       0
    7871
   11356
   16402
   22702
   29557
   37388
   44687
   68768
 3002325
 1800068
  797260
  737737
  708238
  649009
  569208
  486693
  414137
  353570
  303030
  259941
  221273
  187511
  157195
  131467
  108416
   88009
   70751
   56727
   44972
   35261
   28121
   22712
   18756
   15750
   13885
   12504
   11755
   10694
   10336
    9954
    9706
    9317
    8958
    8665
    8561
    7919
    7696
    7653
    7377
    7197
    6965
    6880
    6634
    6344
    6258
    6329
    6098
    6018
    5772
    5812
    5704
    5655
    5464
    5610
    5476
    5359
    5384
    5375
    5364
    5346
    5428
    5320
    5248
    5199
    4924
    4998
    4868
    4758
    4550
    4524
    4340
    4307
    4143
    3940
    3879
    3731
    3720
    3634
    3531
    3493
    3412
    3286
    3188
    3219
    3150
    3171
    3074
    2951
    3069
    3061
    3004
    2999
    3122
    3104
    3077
    3255
    3207
    3244
    3117
    3172
    3272
    3304
    3146
    2968
    2974
    3015
    2782
    2564
    2533
    2496
    2374
    2299
    2275
    2125
    2169
    2126
    1987
    1926
    1966
    1917
    1894
    1824
    1911
    1853
    1833
    1718
    1813
    1865
    1852
    1900
    1879
    1921
    1955
    2082
    2007
    2179
    2154
    2046
    2167
    2063
    2004
    1954
    1876
    1771
    1662
    1625
    1590
    1466
    1396
    1368
    1240
    1250
    1129
    1120
    1101
    1107
    1058
    1034
    1026
    1018
    1013
    1054
    1062
    1060
    1095
    1127
    1136
    1210
    1282
    1274
    1365
    1436
    1497
    1515
    1647
    1628
    1540
    1562
    1497
    1425
    1388
    1346
    1213
    1077
    1067
     992
     890
     859
     792
     742
     687
     726
     688
     651
     610
     542
     606
     622
     561
     529
     524
     561
     477
     512
     505
     526
     439
     504
     508
     467
     424
     469
     475
     433
     454
     448
     413
     478
     451
     392
     431
     392
     415
     381
     404
     389
     368
     362
     341
     370
     377
     359
     348
     363
     381
     354
     343
     378
     341
     320
     333
     338
     325
     354
     310
     309
     294
     322
     304
     321
     309
     282
     293
     295
     296
     244
     296
     287
     291
     276
     262
     275
     275
     256
     264
     250
     263
     257
     255
     245
     265
     259
     231
     243
     266
     215
     266
     218
     270
     257
     210
     225
     201
     223
     209
     196
     211
     211
     228
     217
     217
     203
     210
     227
     191
     235
     214
     192
     218
     202
     204
     207
     186
     204
     177
     199
     193
     207
     185
     200
     173
     194
     193
     197
     198
     193
     192
     172
     166
     179
     159
     205
     168
     175
     164
     149
     178
     170
     176
     163
     167
     180
     145
     162
     175
     158
     187
     146
     176
     182
     175
     191
     179
     170
     230
     239
     241
     284
     291
     311
     341
     387
     446
     558
     659
     711
     810
     947
    1092
    1175
    1265
    1344
    1466
    1389
    1497
    1372
    1309
    1322
    1254
    1054
     998
     873
     779
     640
     567
     489
     435
     329
     316
     321
     269
     241
     220
     214
     201
     191
     144
     163
     175
     152
     150
     159
     132
     114
     147
     138
     142
     137
     132
     136
     129
     132
     107
     143
     133
     151
     141
     125
     134
     145
     130
     125
     125
     109
     150
     144
     148
     133
     151
     136
     152
     117
     137
     151
     144
     158
     142
     144
     129
     131
     120
     139
     124
     128
     133
     145
     153
     138
     133
     119
     154
     121
     143
     149
     135
     117
     123
     135
     132
     132
     133
     135
     133
     129
     145
     119
     126
     169
     153
     143
     149
     151
     147
     160
     137
     128
     145
     150
     146
     137
     128
     148
     119
     124
     133
     144
     159
     127
     150
     136
     150
     144
     166
     164
     142
     140
     156
     169
     153
     154
     157
     137
     149
     137
     155
     141
     175
     142
     155
     141
     135
     139
     151
     146
     140
     147
     160
     153
     147
     173
     145
     147
     166
     157
     139
     144
     130
     128
     132
     157
     159
     151
     159
     127
     149
     170
     162
     156
     140
     154
     135
     138
     151
     147
     148
     146
     139
     146
     125
     132
     151
     145
     145
     142
     181
     174
     136
     145
     180
     138
     173
     149
     142
     169
     151
     148
     161
     138
     170
     149
     148
     141
     152
     147
     138
     160
     157
     147
     151
     145
     168
     135
     167
     148
     169
     154
     178
     177
     158
     175
     153
     164
     176
     162
     166
     139
     169
     157
     158
     155
     156
     149
     165
     153
     177
     149
     162
     156
     165
     175
     169
     163
     162
     180
     162
     145
     155
     167
     166
     148
     179
     185
     185
     162
     150
     165
     157
     149
     182
     163
     155
     163
     182
     155
     179
     168
     172
     156
     178
     191
     170
     176
     166
     169
     177
     197
     154
     166
     171
     166
     170
     154
     147
     172
     168
     162
     191
     169
     175
     177
     202
     177
     198
     178
     164
     175
     180
     168
     177
     167
     203
     203
     190
     155
     162
     153
     178
     190
     180
     166
     164
     171
     166
     175
     200
     166
     179
     176
     175
     200
     162
     188
     179
     166
     191
     172
     205
     169
     172
     195
     170
     177
     173
     169
     192
     188
     214
     187
     180
     165
     171
     189
     169
     197
     175
     183
     187
     183
     189
     184
     190
     196
     183
     227
     203
     213
     220
     201
     225
     226
     255
     304
     302
     283
     351
     401
     436
     503
     605
     651
     779
     975
    1012
    1261
    1370
    1669
    1775
    1813
    1968
    2049
    2101
    2035
    1991
    1867
    1786
    1550
    1458
    1302
    1098
     979
     822
     734
     626
     536
     475
     429
     374
     366
     297
     309
     288
     284
     265
     249
     218
     217
     206
     199
     223
     237
     195
     212
     187
     221
     195
     181
     178
     166
     200
     214
     202
     209
     190
     204
     185
     199
     189
     196
     192
     188
     194
     194
     192
     216
     166
     192
     191
     191
     189
     210
     207
     200
     200
     189
     197
     179
     220
     225
     200
     195
     195
     209
     207
     205
     208
     213
     210
     218
     216
     210
     217
     200
     178
     201
     217
     207
     210
     200
     206
     193
     234
     216
     183
     203
     205
     193
     211
     217
     241
     204
     201
     225
     209
     194
     189
     188
     212
     209
     221
     240
     200
     197
     207
     204
     194
     214
     196
     208
     202
     201
     202
     204
     203
     189
     215
     235
     211
     204
     233
     176
     201
     221
     200
     206
     216
     218
     197
     203
     217
     198
     206
     209
     193
     186
     229
     242
     245
     225
     228
     221
     234
     211
     213
     213
     232
     219
     214
     222
     197
     222
     205
     250
     259
     226
     250
     217
     209
     226
     236
     232
     232
     227
     213
     211
     212
     221
     225
     233
     224
     227
     239
     239
     209
     194
     233
     218
     218
     225
     232
     207
     208
     210
     223
     205
     217
     247
     222
     225
     228
     206
     201
     218
     219
     215
     215
     233
     254
     221
     209
     224
     236
     205
     204
     226
     238
     208
     210
     229
     233
     225
     218
     230
     214
     226
     236
     228
     227
     228
     234
     249
     228
     235
     204
     221
     228
     233
     228
     224
     250
     229
     232
     231
     220
     222
     216
     218
     225
     241
     207
     213
     211
     220
     251
     245
     217
     223
     251
     248
     220
     210
     235
     216
     236
     244
     224
     239
     247
     223
     243
     234
     258
     231
     238
     268
     226
     230
     238
     232
     207
     217
     228
     238
     236
     238
     251
     233
     227
     266
     226
     248
     245
     253
     205
     205
     235
     235
     226
     261
     240
     253
     234
     241
     212
     236
     225
     210
     223
     244
     252
     231
     189
     234
     243
     214
     217
     212
     277
     232
     237
     238
     235
     216
     229
     232
     218
     246
     240
     225
     241
     240
     231
     241
     280
     226
     244
     248
     241
     249
     240
     237
     242
     255
     247
     257
     213
     224
     262
     249
     218
     210
     242
     230
     235
     260
     249
     274
     271
     297
     306
     338
     321
     407
     409
     399
     509
     542
     634
     714
     862
     944
    1139
    1207
    1451
    1651
    1755
    1885
    2051
    2015
    2126
    2163
    2081
    1905
    1830
    1660
    1479
    1380
    1203
    1046
     864
     806
     703
     572
     540
     416
     424
     375
     364
     316
     368
     327
     284
     280
     276
     264
     246
     251
     258
     285
     253
     248
     248
     214
     247
     266
     237
     244
     230
     265
     221
     253
     236
     223
     237
     235
     223
     264
     228
     255
     249
     257
     244
     242
     246
     246
     259
     242
     266
     271
     244
     245
     233
     216
     247
     236
     249
     240
     266
     210
     262
     250
     252
     234
     257
     243
     237
     245
     254
     237
     234
     251
     252
     259
     276
     264
     247
     257
     256
     234
     253
     276
     255
     263
     242
     237
     268
     280
     270
     226
     228
     246
     249
     253
     254
     287
     241
     252
     255
     248
     247
     241
     254
     220
     276
     213
     251
     294
     245
     245
     226
     190
     232
     261
     258
     227
     239
     246
     245
     206
     242
     229
     246
     263
     235
     272
     244
     225
     250
     248
     271
     273
     280
     255
     254
     254
     269
     265
     247
     260
     244
     239
     237
     240
     233
     272
     229
     250
     238
     209
     260
     247
     234
     240
     244
     281
     252
     250
     272
     282
     255
     247
     235
     268
     259
     258
     239
     248
     256
     261
     266
     252
     272
     235
     277
     255
     221
     258
     235
     227
     235
     239
     267
     238
     256
     229
     263
     254
     221
     261
     251
     221
     238
     252
     262
     242
     235
     228
     247
     256
     262
     285
     240
     260
     259
     223
     237
     271
     252
     266
     249
     251
     251
     231
     279
     272
     260
     226
     259
     253
     247
     239
     262
     232
     252
     245
     249
     238
     246
     252
     256
     238
     239
     250
     238
     241
     210
     269
     240
     259
     260
     223
     275
     246
     267
     227
     246
     227
     271
     264
     268
     245
     270
     228
     261
     234
     244
     243
     257
     247
     257
     256
     247
     246
     276
     277
     275
     265
     276
     286
     231
     245
     244
     260
     224
     223
     240
     246
     249
     255
     260
     272
     235
     260
     243
     233
     260
     263
     228
     235
     241
     274
     219
     258
     233
     229
     243
     212
     229
     269
     261
     250
     259
     242
     243
     273
     263
     240
     260
     238
     251
     278
     235
     242
     251
     249
     242
     251
     243
     264
     260
     245
     262
     241
     253
     260
     257
     244
     270
     264
     258
     248
     255
     229
     241
     250
     274
     261
     259
     239
     245
     273
     272
     252
     287
     303
     300
     315
     329
     348
     355
     365
     441
     434
     527
     603
     699
     756
     797
     987
    1097
    1203
    1333
    1552
    1583
    1703
    1775
    1757
    1762
    1650
    1519
    1468
    1334
    1253
    1109
     943
     811
     693
     651
     546
     512
     476
     421
     378
     324
     337
     308
     307
     316
     270
     283
     265
     254
     265
     217
     264
     250
     254
     251
     232
     248
     236
     265
     257
     280
     246
     270
     246
     237
     224
     230
     243
     231
     248
     251
     255
     239
     223
     236
     231
     236
     244
     219
     216
     233
     237
     240
     274
     248
     266
     264
     251
     236
     226
     214
     243
     248
     237
     222
     248
     236
     244
     242
     227
     234
     226
     250
     225
     242
     218
     261
     244
     265
     228
     235
     225
     273
     232
     266
     239
     244
     233
     234
     220
     232
     263
     250
     253
     247
     243
     238
     231
     267
     239
     243
     283
     221
     214
     250
     232
     264
     233
     240
     208
     242
     216
     248
     240
     247
     289
     228
     235
     256
     225
     219
     238
     252
     272
     224
     225
     247
     237
     257
     244
     196
     233
     232
     259
     231
     234
     256
     253
     244
     256
     237
     235
     249
     257
     256
     252
     235
     217
     258
     244
     245
     228
     261
     264
     247
     264
     243
     251
     225
     221
     233
     228
     246
     238
     216
     235
     221
     252
     240
     244
     219
     253
     246
     244
     258
     231
     236
     240
     220
     216
     260
     257
     242
     235
     247
     229
     251
     237
     234
     237
     262
     227
     255
     217
     206
     244
     236
     224
     208
     237
     228
     247
     245
     224
     252
     254
     246
     226
     218
     247
     239
     263
     239
     220
     248
     252
     254
     227
     237
     219
     245
     214
     217
     250
     251
     216
     213
     253
     276
     208
     243
     228
     213
     252
     232
     221
     233
     239
     236
     225
     231
     259
     242
     232
     226
     223
     228
     251
     240
     217
     230
     232
     256
     222
     221
     229
     238
     238
     223
     227
     219
     202
     209
     213
     209
     221
     245
     216
     228
     207
     215
     203
     229
     248
     224
     249
     235
     230
     233
     233
     223
     218
     244
     212
     228
     229
     233
     255
     215
     240
     241
     235
     213
     218
     242
     215
     239
     237
     238
     229
     223
     205
     197
     210
     225
     229
     211
     229
     238
     251
     214
     242
     246
     234
     241
     229
     201
     237
     225
     221
     200
     228
     243
     232
     217
     199
     204
     251
     215
     244
     204
     212
     214
     212
     235
     228
     234
     226
     214
     228
     220
     235
     203
     203
     231
     248
     250
     268
     242
     237
     267
     279
     294
     312
     320
     359
     401
     438
     467
     534
     563
     662
     745
     736
     884
     965
    1001
    1035
    1115
    1062
    1107
    1153
    1014
     947
     843
     812
     721
     676
     588
     490
     451
     417
     389
     383
     324
     309
     296
     303
     266
     267
     267
     230
     209
     246
     208
     226
     203
     245
     258
     214
     203
     244
     225
     231
     207
     231
     206
     232
     202
     234
     217
     234
     230
     226
     230
     198
     212
     211
     215
     227
     189
     240
     206
     217
     211
     206
     199
     233
     210
     194
     196
     193
     188
     199
     204
     232
     200
     248
     244
     226
     216
     222
     201
     208
     195
     205
     215
     206
     200
     219
     222
     208
     204
     198
     216
     199
     220
     207
     211
     214
     223
     220
     215
     227
     212
     216
     219
     220
     216
     223
     205
     225
     229
     221
     202
     228
     213
     209
     192
     236
     201
     222
     208
     215
     215
     186
     197
     218
     224
     194
     209
     213
     204
     206
     222
     216
     199
     206
     198
     201
     230
     199
     192
     210
     209
     178
     183
     213
     218
     221
     191
     182
     202
     202
     196
     206
     208
     227
     202
     184
     188
     223
     219
     184
     201
     190
     204
     193
     201
     199
     196
     218
     193
     211
     231
     191
     188
     227
     203
     212
     191
     203
     200
     196
     203
     215
     236
     203
     187
     227
     223
     210
     194
     230
     190
     237
     200
     222
     212
     200
     211
     200
     201
     187
     214
     195
     211
     223
     210
     187
     166
     213
     177
     222
     175
     199
     185
     220
     196
     223
     195
     196
     204
     223
     195
     183
     217
     186
     223
     187
     190
     230
     215
     189
     195
     202
     212
     194
     186
     195
     221
     181
     202
     220
     198
     185
     183
     198
     188
     185
     210
     189
     197
     192
     200
     203
     221
     205
     212
     198
     212
     204
     191
     178
     204
     202
     177
     214
     202
     173
     188
     185
     197
     203
     196
     221
     186
     214
     207
     195
     196
     185
     195
     212
     195
     216
     205
     174
     197
     203
     178
     173
     176
     194
     204
     216
     163
     206
     172
     186
     171
     171
     176
     187
     189
     200
     197
     186
     219
     197
     196
     175
     185
     176
     178
     181
     171
     201
     190
     184
     215
     190
     182
     178
     179
     201
     221
     165
     177
     177
     181
     191
     212
     185
     164
     189
     196
     187
     163
     190
     181
     207
     167
     186
     199
     203
     206
     192
     204
     198
     176
     191
     196
     186
     177
     182
     201
     185
     221
     211
     213
     212
     189
     220
     224
     265
     263
     328
     328
     368
     364
     474
     488
     578
     717
     798
     940
    1037
    1210
    1397
    1484
    1628
    1737
    1699
    1739
    1802
    1692
    1622
    1449
    1306
    1255
    1033
     941
     825
     669
     614
     513
     499
     410
     358
     326
     313
     260
     235
     232
     239
     223
     205
     212
     198
     220
     181
     186
     174
     182
     184
     203
     159
     178
     164
     145
     167
     166
     193
     204
     189
     162
     209
     179
     176
     156
     187
     171
     181
     152
     154
     191
     171
     176
     158
     163
     154
     182
     179
     181
     173
     176
     166
     152
     191
     175
     165
     180
     169
     176
     178
     174
     186
     159
     177
     190
     184
     181
     168
     194
     166
     170
     177
     192
     177
     148
     163
     159
     181
     186
     164
     170
     180
     159
     160
     168
     156
     155
     164
     169
     162
     168
     161
     195
     162
     183
     155
     165
     180
     169
     170
     174
     182
     170
     172
     173
     158
     178
     191
     165
     168
     164
     173
     181
     181
     161
     176
     171
     160
     161
     147
     170
     160
     162
     157
     164
     168
     171
     147
     164
     184
     168
     162
     148
     164
     178
     177
     180
     183
     173
     192
     179
     172
     143
     163
     168
     165
     153
     169
     160
     165
     176
     167
     172
     136
     174
     173
     166
     166
     131
     173
     146
     175
     157
     158
     173
     165
     159
     183
     160
     175
     180
     151
     171
     156
     153
     181
     179
     167
     185
     154
     163
     155
     177
     153
     174
     189
     147
     157
     154
     169
     163
     155
     180
     159
     171
     145
     142
     146
     167
     178
     164
     171
     152
     159
     144
     166
     166
     160
     164
     144
     148
     152
     160
     163
     163
     167
     148
     178
     184
     182
     142
     167
     174
     180
     153
     135
     145
     175
     163
     154
     150
     161
     166
     139
     155
     141
     144
     141
     148
     128
     150
     149
     152
     176
     154
     163
     169
     151
     160
     163
     161
     152
     164
     162
     160
     151
     171
     159
     155
     145
     157
     144
     144
     118
     173
     139
     160
     145
     139
     144
     174
     159
     152
     146
     176
     141
     151
     148
     142
     131
     141
     140
     126
     159
     138
     156
     143
     179
     146
     139
     149
     160
     152
     167
     152
     136
     128
     149
     139
     155
     150
     150
     128
     151
     145
     146
     150
     154
     140
     147
     144
     139
     151
     145
     153
     140
     139
     136
     152
     157
     147
     137
     147
     166
     142
     141
     158
     161
     154
     167
     126
     167
     144
     148
     139
     146
     165
     171
     153
     180
     179
     223
     212
     243
     254
     268
     298
     327
     372
     463
     530
     627
     752
     837
    1005
    1206
    1288
    1393
    1584
    1654
    1761
    1793
    1823
    1818
    1767
    1576
    1449
    1389
    1169
    1046
     918
     789
     704
     581
     491
     442
     371
     319
     307
     246
     234
     218
     196
     189
     180
     167
     173
     161
     172
     166
     157
     144
     139
     162
     165
     143
     126
     130
     137
     148
     128
     138
     134
     113
     141
     156
     130
     141
     117
     137
     132
     144
     152
     137
     140
     134
     136
     158
     121
     134
     139
     156
     134
     145
     154
     136
     158
     117
     145
     139
     135
     143
     140
     125
     135
     135
     128
     121
     124
     125
     153
     126
     137
     123
     126
     159
     140
     138
     150
     134
     131
     127
     128
     132
     149
     122
     130
     123
     131
     138
     140
     113
     136
     143
     122
     110
     150
     131
     134
     146
     146
     126
     128
     144
     114
     109
     132
     133
     119
     139
     130
     130
     128
     119
     111
     138
     112
     142
     127
     123
     135
     129
     132
     120
     139
     137
     128
     145
     121
     131
     123
     147
     114
     138
     116
     116
     106
     111
     153
     106
     142
     123
     131
     129
     121
     131
     101
     125
     141
     133
     125
     121
     120
     133
     121
     123
     152
     152
     138
     128
     112
     117
     130
     125
     139
     123
     109
     132
     108
     123
     100
     128
     122
     147
     114
     129
     140
     124
     124
     106
     105
     132
     120
     125
     117
     124
     125
     118
     124
     108
     116
     127
     132
     101
     124
     126
     110
     132
     130
     138
     127
     127
     130
     109
     137
     122
     115
     112
     126
     114
     125
     130
     121
     104
     107
     124
     131
     130
     123
     107
     123
     108
     123
     106
     121
     100
     140
     147
     124
     141
     118
     128
     102
     118
     117
     125
     114
     132
     109
     119
     132
     112
     136
     117
     107
     127
     127
     144
     118
     124
     132
     121
     101
     129
     126
     127
     112
     111
     106
     118
     133
     119
      91
     134
     109
     108
     106
     114
     110
     133
     122
     100
     118
     106
     114
     118
     108
     107
     119
     113
     122
     110
     102
     130
      96
     104
     109
     107
     130
     120
     113
      94
     128
     123
     131
     112
     140
     115
      99
     130
     123
     101
     120
     106
     129
     123
     111
     117
     103
     122
     110
     134
     114
     120
     121
     108
     126
     102
     119
     106
     121
     105
     112
     101
      93
     114
     112
     108
     125
      91
     114
     131
     101
     111
     102
      93
     121
     128
     129
     110
     122
     116
     123
     140
     143
     156
     154
     167
     185
     202
     234
     263
     283
     327
     388
     458
     522
     632
     700
     839
     909
    1031
    1068
    1139
    1194
    1270
    1280
    1234
    1202
    1139
    1056
     928
     857
     724
     638
     558
     441
     411
     366
     341
     304
     230
     250
     233
     167
     162
     164
     167
     132
     161
     123
     108
     113
     122
     104
      84
     119
     116
     124
      99
     116
     116
     126
     106
      99
     101
     118
     113
     105
     109
     106
     113
      95
     112
      96
     108
     129
      92
      99
     111
      96
      85
     108
     120
     110
     114
      92
      95
     100
     113
     107
     107
      95
      96
     130
      78
      91
      93
      68
     110
     103
     133
      86
      99
      95
     101
      93
     111
     120
     106
     100
     103
     116
     126
     103
     105
     101
     119
     120
     104
     105
     110
     106
     105
      95
     104
     103
     114
      92
     110
     111
     125
      94
     104
      95
      93
     107
     108
      88
      92
     106
     101
      86
     108
      93
     106
      90
      93
     110
      98
     103
      87
      80
      90
      90
      90
     113
     105
     102
     115
     105
      92
     104
      97
      91
      95
     103
     114
      97
      91
     111
     109
     122
     109
      85
      99
      86
      94
      82
      92
      92
      95
     102
     118
      95
     104
     102
     121
      84
      98
      83
     111
     102
      83
     114
      96
      92
     104
      89
      95
     103
      84
     107
      89
      90
      82
     109
     108
      91
      99
      83
      84
     117
     102
      88
      93
      92
      93
      98
     106
     102
      88
     106
     102
     111
      97
     101
     106
     100
      98
     103
     107
      83
      91
      92
      97
      90
     114
      82
     100
      99
     119
      87
      98
      88
     103
      98
      87
      97
     104
     101
      86
      98
      95
      98
     102
      99
      68
     113
     100
     121
      91
     105
      88
      79
      92
      90
      90
      99
      76
      93
      84
      77
     104
      91
     104
      86
      82
      89
     106
      96
      93
     103
      98
     106
     113
     102
      84
     112
      96
     109
     105
      92
      89
      96
     108
      85
      99
     103
      81
     104
      85
      90
     115
     103
     102
     104
      95
      76
     113
      95
      94
     108
      93
     106
      70
      98
     110
     104
     101
      89
     101
     103
     123
     103
      84
     139
     127
     113
     110
     121
     109
     104
     123
     124
     105
     117
     125
     101
     139
     116
     114
     123
     113
     140
     114
     137
     121
     135
     138
     138
     132
     119
     116
     124
     145
     120
     140
     137
     136
     142
     147
     151
     151
     170
     162
     140
     134
     141
     149
     154
     170
     159
     186
     182
     172
     165
     187
     210
     200
     224
     220
     236
     224
     235
     250
     255
     293
     310
     368
     392
     404
     429
     501
     556
     554
     628
     647
     744
     735
     812
     796
     773
     714
     755
     675
     700
     653
     563
     571
     493
     458
     410
     369
     385
     303
     287
     292
     248
     251
     220
     191
     220
     206
     200
     171
     193
     185
     197
     169
     179
     161
     148
     158
     149
     161
     147
     155
     157
     140
     133
     146
     120
     152
     132
     135
     120
     143
     123
     135
     107
     140
     139
     137
     138
     128
     113
     101
     149
     109
     137
     107
     110
     106
     126
     122
     106
     104
      96
     111
     125
      96
      97
      94
      94
     123
     108
     113
     100
     100
      89
     102
      89
      93
      98
      97
      98
     107
     112
      86
      92
      84
      93
     101
     104
      98
      89
     103
     105
      98
      91
      95
      94
      89
      88
      82
      70
      94
     101
      88
      86
      76
      91
      97
      97
      79
      74
      87
      92
      77
      84
      76
     109
      82
      85
      77
     110
      98
      87
      83
      68
      81
      82
      76
      81
      81
      89
      97
     105
      92
      88
      77
      76
      98
      86
      94
      90
      94
      80
      75
     101
      91
     102
      81
      89
      84
     114
     105
     104
      89
      87
     103
      97
      95
      91
     112
      97
      95
     114
      94
     100
      93
      93
     100
     103
     105
     113
     121
     108
     126
      89
     115
     127
     107
     103
     114
     121
     135
     128
     148
     137
     128
     146
     141
     118
     128
     126
     137
     138
     138
     150
     160
     143
     183
     165
     176
     169
     173
     185
     165
     169
     187
     163
     186
     193
     160
     193
     184
     210
     208
     224
     180
     220
     203
     241
     224
     224
     244
     242
     234
     250
     251
     262
     252
     252
     298
     300
     250
     289
     281
     278
     279
     282
     307
     289
     321
     316
     300
     345
     354
     333
     341
     330
     324
     356
     342
     361
     321
     372
     361
     353
     394
     404
     398
     435
     400
     433
     429
     411
     433
     423
     428
     446
     478
     429
     450
     470
     468
     481
     486
     506
     503
     517
     547
     543
     553
     580
     581
     562
     546
     634
     690
     660
     662
     733
     693
     738
     754
     834
     847
     817
     867
     947
     939
    1026
    1095
    1112
    1261
    1286
    1434
    1557
    1708
    1892
    2295
    2669
    3323
    4853
   10393
   22109
   19280
    2105
      89
      18
      17
      21
       0
       0
       0
       0
       0
       0
       0
       0
       0
       0
       0
       0
       0
       0
       0
       0
       0
       0
       0
       0
       0
       0
       0
       0
       0
       0
       0
       0
       0
       0
       0
       0
       0
       0
       0
       0
       0
       0
       0
       0
       0
       0
       0
       0
       0
       0
       0
       0
       0
       0
       0
       0
       0
       0
       0
       0
       0
       0
       0
       0
       0
       0
       0
       0
       0
       0
       0
       0
       0
       0
       0
       0
       0
       0
       0
       0
       0
       0
       0
       0
       0
       0
       0
       0
       0
       0
       0
       0
       0
       0
       0
       0
       0
       0
       0
       0
       0
       0
       0
       0
       0
       0
       0
       0
       0
       0
       0
       0
       0
       0
       0
       0
       0
       0
       0
       0
       0
       0
       0
       0
       0
       0
       0
       0
       0
       0
       0
       0
       0
       0
       0
       0
       0
       0
       0
       0
       0
       0
       0
       0
       0
       0
       0
       0
       0
       0
       0
       0
       0
       0
       0
       0
       0
       0
       0
       0
       0
       0
       0
       0
       0
       0
       0
       0
       0
       0
       0
       0
       0
       0
       0
       0
       0
       0
       0
       0
       0
       0
       0
       0
       0
       0
       0
       0
       0
       0
       0
       0
       0
       0
       0
       0
       0
       0
       0
       0
       0
       0
       0
       0
       0
       0
       0
       0
       0
       0
       0
       0
       0
       0
       0
       0
       0
       0
       0
       0
       0
       0
       0
       0
       0
       0
       0
       0
       0
       0
       0
       0
       0
       0
       0
       0
       0
       0
       0
       0
       0
       0
       0
       0
       0
       0
       0
       0
       0
       0
       0
       0
       0
       0
       0
       0
       0
       0
       0
       0
       0
       0
       0
       0
       0
       0
       0
       0
       0
       0
       0
       0
       0
       0
       0
       0
       0
       0
       0
       0
       0
       0
       0
       0
       0
       0
       0
       0
       0
       0
       0
       0
       0
       0
       0
       0
       0
       0
       0
       0
       0
       0
       0
       0
       0
       0
       0
       0
       0
       0
       0
       0
       0
       0
       0
       0
       0
       0
       0
       0
       0
       0
       0
       0
       0
       0
       0
       0
       0
       0
       0
       0
       0
       0
       0
       0
       0
       0
       0
       0
       0
       0
       0
       0
       0
       0
       0
       0
       0
       0
       0
       0
       0
       0
       0
       0
       0
       0
       0
       0
       0
       0
       0
       0
       0
       0
       0
       0
       0
       0
       0
       0
       0
       0
       0
       0
       0
       0
       0
       0
       0
       0
       0
       0
       0
       0
       0
       0
       0
       0
       0
       0
       0
$ROI:
3
5 213
215 1972
4034 4072
$PRESETS:
None
0
0
$ENER_FIT:
0.000000 0.000000
$MCA_CAL:
3
0.000000E+000 0.000000E+000 0.000000E+000 
$SHAPE_CAL:
3
0.000000E+000 0.000000E+000 0.000000E+000
