$SPEC_ID:
Silicon
$SPEC_REM:
DET# 3
DETDESC# 78-GP-NB0025 Model 928 SN 15355078
AP# Maestro Version 7.01
$DATE_MEA:
03/13/2024 21:36:30
$MEAS_TIM:
622 750
$DATA:
0 4095
       0
       0
       0
       0
       0
       0
       0
       0
       0
       0
       0
  120799
 5844995
 3074255
 1915863
 1697782
 1508297
 1277010
 1057446
  892735
  767419
  666184
  578957
  505898
  439413
  384917
  335825
  295762
  259652
  229231
  203028
  179442
  159821
  140597
  125311
  111178
   98928
   87062
   77116
   68794
   60833
   53689
   47599
   42173
   36464
   32083
   28434
   25242
   21940
   19545
   16970
   14876
   13158
   11373
   10123
    8913
    7895
    7032
    6263
    5517
    4739
    4415
    3968
    3523
    3224
    2784
    2618
    2417
    2157
    1917
    1859
    1618
    1525
    1423
    1304
    1206
    1141
    1080
     996
    1003
     917
     903
     855
     805
     774
     751
     730
     689
     673
     663
     615
     614
     629
     579
     554
     557
     500
     486
     484
     504
     518
     478
     475
     419
     399
     413
     437
     429
     375
     347
     383
     369
     366
     320
     319
     311
     336
     314
     296
     296
     327
     274
     302
     271
     253
     260
     269
     282
     237
     261
     277
     253
     241
     219
     221
     234
     216
     230
     216
     219
     217
     193
     197
     180
     175
     206
     189
     166
     168
     156
     169
     179
     160
     172
     186
     165
     180
     161
     173
     141
     144
     158
     128
     137
     138
     139
     131
     141
     118
     121
     154
     129
     116
     128
     123
     128
     117
     113
     106
     132
     123
     109
     116
      95
     103
     104
     105
      99
     110
     110
     113
     106
     101
      94
     118
     101
     106
      86
     112
      88
      98
      74
      68
      92
      81
      88
      69
      72
      80
      84
      91
      80
      80
      71
      84
      94
      87
      76
      84
      70
      71
      79
      78
      68
      67
      82
      85
      59
      68
      69
      62
      57
      59
      65
      73
      65
      63
      57
      59
      47
      50
      70
      76
      59
      47
      57
      61
      54
      58
      60
      52
      51
      65
      65
      62
      44
      48
      49
      60
      51
      52
      53
      60
      52
      45
      55
      50
      42
      54
      63
      68
      54
      47
      44
      43
      57
      32
      38
      41
      40
      52
      47
      47
      46
      39
      42
      53
      39
      34
      35
      47
      54
      49
      49
      35
      42
      38
      30
      43
      30
      30
      46
      33
      36
      29
      38
      27
      34
      35
      29
      30
      30
      35
      39
      30
      39
      31
      28
      26
      35
      42
      32
      25
      27
      38
      18
      36
      34
      37
      36
      28
      43
      30
      29
      28
      30
      28
      36
      28
      34
      33
      39
      22
      29
      40
      38
      34
      29
      40
      28
      24
      23
      32
      24
      25
      22
      33
      39
      26
      27
      29
      24
      29
      24
      20
      27
      21
      22
      28
      22
      34
      26
      25
      34
      24
      27
      29
      22
      14
      29
      22
      28
      23
      27
      30
      19
      16
      22
      15
      26
      16
      21
      25
      27
      19
      25
      15
      27
      26
      18
      15
      16
      19
      22
      25
      16
      24
      22
      20
      27
      18
      25
      19
      17
      23
      19
      21
      24
      12
      24
      14
      17
      16
      15
      17
      19
      21
      14
      14
      10
      20
      15
      15
      25
      13
      11
      14
      22
      18
      10
      16
      25
      24
      17
      22
      18
      19
      11
      22
      13
      14
      14
      16
      19
      16
      16
      14
      12
      13
      17
      15
      15
      14
      13
      15
      12
      10
      11
      11
      19
      15
      18
      10
      13
      15
      24
      10
      10
      16
      10
      15
      12
      12
      23
      14
      14
      14
      11
      15
      16
      10
      20
      13
      10
      13
      13
       9
      12
      17
       8
       7
      11
      11
      14
      13
      10
      11
      15
       9
      18
       8
      16
      15
      13
      16
      16
       7
      18
      12
      11
      12
      16
      14
      15
      12
      12
      12
      18
      11
      15
      14
       8
      15
      10
      16
      11
       9
       8
      13
      19
      14
       7
      16
      12
      12
      10
      15
      13
       9
      13
       9
      10
      13
      13
      17
       5
      11
       5
       8
      10
      10
      15
      12
       8
       8
       9
      14
       8
       8
       9
      15
       6
      17
       6
       8
       7
       6
      13
       7
       9
      12
      15
       4
      15
      10
       9
       8
      13
       9
      11
       8
       7
       8
       9
       8
       7
      14
       7
      11
       6
      10
      11
       6
      14
       7
      10
       5
       8
       5
       6
       2
      12
      12
      12
       6
       3
       4
      11
      10
       8
       7
       7
       8
       5
       7
      10
       9
       7
       8
       8
       8
      11
       9
       8
       9
       5
      14
      11
      14
       8
       9
       7
      14
      10
       9
       7
      12
       2
       7
       6
       6
       8
      14
       8
       5
       9
       9
       6
       6
       6
       9
      10
       6
       5
       8
      11
       3
       4
       7
       8
       9
       7
       2
       5
       4
       8
       6
       7
       8
       9
       6
       6
       5
      10
       9
      10
      11
       9
       6
       5
       8
      10
       4
       9
       3
      10
       3
       8
       5
       7
       3
       9
       8
       1
       5
       6
       7
       3
       3
       3
       6
       7
       7
       4
       2
       3
       6
       7
       5
       3
       4
       6
       8
       9
       6
       7
       4
       5
       3
       5
       4
       7
       5
       5
       7
       2
       3
      11
       4
       7
       4
       5
       5
       7
       3
       2
       4
       5
       7
       7
       5
       5
       6
       8
       3
       8
       7
       6
       3
       7
       8
       7
       2
       7
       7
       7
       3
       3
       7
       3
       7
       7
       5
       2
       3
       6
       4
       3
       9
       6
       4
       5
       3
       3
       4
       5
       3
       3
       6
       9
       6
       5
       2
       4
       6
       5
       8
       3
       4
       4
       3
       3
       3
       6
       4
       1
       4
       3
       3
       6
       8
       2
       5
       5
       2
       5
       6
       7
       6
       4
       3
       6
       5
       1
       9
       5
       3
       6
       4
       3
       5
       7
       3
       3
       3
       3
       7
       5
       5
       5
       3
       2
       3
       4
       5
       3
       2
       6
       3
       5
       4
       5
       3
       1
       4
       2
       6
       4
       4
       4
      10
       2
       3
       3
       0
       6
       2
       4
       3
       7
       6
       5
       3
       5
       5
       6
       2
       3
       6
       3
       3
       5
       3
       6
       2
       2
       4
       4
       1
       4
       5
       5
       4
       0
       3
       4
       5
       4
       3
       5
       4
       3
       1
       4
       1
       1
       2
       0
       1
       2
       3
       6
       3
       2
       4
       2
       4
       5
       2
       1
       1
       4
       2
       2
       3
       4
       0
       1
       2
       4
       1
       4
       4
       3
       4
       0
       5
       1
       1
       6
       5
       5
       3
       6
       4
       5
       2
       2
       4
       6
       3
       4
      10
       6
       6
       2
       2
       0
       1
       4
       5
       3
       2
       3
       4
       1
       3
       1
       6
       3
       4
       7
       0
       3
       4
       3
       2
       1
       6
       5
       1
       4
       3
       2
       2
       2
       1
       2
       6
       1
       1
       2
       4
       2
       4
       0
       3
       2
       4
       2
       3
       5
       3
       2
       2
       4
       2
       3
       4
       2
       6
       2
       6
       2
       2
       1
       3
       4
       3
       2
       4
       0
       2
       4
       3
       4
       5
       2
       3
       4
       0
       4
       2
       3
       2
       4
       2
       7
       4
       1
       0
       4
       5
       2
       1
       2
       0
       3
       3
       2
       1
       1
       3
       0
       2
       2
       1
       7
       4
       4
       4
       1
       2
       4
       2
       4
       3
       2
       3
       5
       3
       2
       0
       2
       2
       2
       3
       1
       2
       3
       0
       1
       2
       0
       2
       3
       0
       1
       0
       4
       3
       2
       2
       1
       0
       2
       2
       3
       2
       1
       3
       1
       2
       3
       1
       5
       5
       2
       2
       6
       4
       4
       1
       1
       6
       1
       2
       2
       1
       1
       4
       0
       2
       2
       2
       5
       3
       1
       4
       1
       3
       4
       3
       5
       3
       2
       5
       1
       2
       3
       1
       2
       3
       1
       3
       3
       2
       1
       3
       2
       1
       4
       0
       3
       1
       4
       2
       1
       1
       1
       3
       1
       2
       2
       1
       2
       3
       5
       2
       0
       2
       0
       1
       0
       1
       2
       0
       4
       3
       0
       0
       2
       2
       2
       1
       1
       2
       1
       0
       3
       1
       2
       1
       3
       4
       2
       0
       0
       2
       3
       3
       1
       3
       2
       3
       2
       4
       1
       1
       2
       3
       2
       0
       2
       0
       2
       4
       3
       2
       2
       3
       0
       1
       1
       2
       0
       2
       1
       3
       1
       3
       1
       0
       2
       1
       2
       5
       1
       2
       1
       2
       4
       2
       2
       3
       2
       1
       3
       1
       0
       2
       2
       6
       3
       1
       5
       1
       2
       2
       3
       3
       2
       1
       1
       2
       2
       0
       0
       4
       2
       3
       2
       4
       2
       1
       1
       2
       1
       1
       1
       4
       0
       1
       0
       1
       1
       3
       2
       4
       0
       2
       2
       0
       2
       2
       1
       2
       1
       5
       0
       0
       2
       3
       1
       5
       3
       1
       1
       2
       1
       0
       4
       3
       2
       3
       0
       0
       0
       0
       1
       2
       2
       1
       1
       0
       2
       1
       0
       0
       0
       2
       3
       4
       2
       1
       3
       2
       0
       0
       2
       2
       1
       2
       0
       0
       2
       2
       0
       2
       1
       2
       4
       1
       0
       2
       1
       0
       3
       1
       1
       0
       2
       0
       0
       1
       0
       4
       2
       1
       1
       1
       2
       3
       2
       3
       4
       0
       1
       2
       2
       3
       2
       3
       4
       1
       1
       3
       3
       1
       0
       2
       1
       1
       1
       4
       3
       0
       3
       2
       2
       3
       1
       2
       1
       2
       0
       0
       1
       0
       2
       0
       2
       0
       1
       2
       1
       2
       1
       1
       5
       2
       1
       2
       1
       4
       0
       2
       2
       0
       1
       1
       2
       1
       1
       0
       1
       0
       2
       1
       2
       2
       0
       1
       1
       1
       3
       0
       1
       1
       1
       3
       1
       3
       1
       1
       4
       3
       1
       1
       1
       1
       0
       0
       0
       0
       5
       0
       0
       4
       0
       0
       2
       0
       2
       0
       0
       0
       2
       1
       2
       1
       2
       3
       2
       2
       1
       1
       0
       4
       0
       0
       1
       3
       1
       1
       0
       1
       2
       2
       0
       2
       0
       3
       2
       4
       3
       1
       0
       1
       2
       2
       3
       1
       1
       2
       0
       1
       2
       2
       1
       1
       0
       0
       3
       2
       2
       0
       0
       0
       2
       1
       2
       3
       0
       1
       0
       0
       2
       2
       4
       0
       1
       1
       0
       1
       4
       1
       1
       0
       2
       0
       1
       1
       0
       2
       1
       0
       0
       1
       1
       0
       1
       0
       0
       1
       1
       0
       1
       0
       2
       2
       1
       2
       0
       0
       1
       1
       1
       1
       1
       2
       3
       0
       0
       2
       1
       1
       2
       0
       0
       0
       4
       0
       3
       1
       1
       2
       2
       2
       2
       0
       0
       2
       1
       1
       2
       1
       2
       2
       2
       1
       1
       2
       2
       2
       1
       1
       3
       0
       3
       1
       0
       0
       0
       2
       1
       1
       0
       3
       1
       3
       0
       1
       0
       2
       1
       0
       0
       1
       3
       1
       1
       1
       0
       3
       1
       1
       0
       1
       3
       0
       1
       0
       1
       1
       1
       2
       2
       0
       3
       1
       1
       1
       2
       1
       1
       1
       1
       1
       0
       0
       1
       2
       3
       1
       0
       0
       0
       2
       1
       0
       0
       0
       2
       2
       0
       2
       1
       2
       3
       2
       1
       0
       0
       3
       1
       0
       2
       0
       2
       0
       0
       0
       1
       1
       0
       0
       2
       1
       0
       1
       1
       0
       1
       0
       0
       0
       1
       3
       1
       2
       1
       2
       4
       0
       2
       1
       2
       1
       0
       0
       0
       0
       1
       1
       1
       0
       2
       0
       0
       1
       0
       0
       3
       1
       1
       0
       2
       0
       2
       2
       2
       0
       0
       1
       0
       1
       0
       0
       1
       1
       0
       1
       0
       0
       1
       0
       2
       3
       1
       0
       0
       1
       1
       0
       2
       0
       1
       1
       2
       1
       2
       1
       2
       1
       2
       2
       2
       2
       1
       2
       1
       2
       2
       1
       0
       2
       3
       0
       2
       0
       2
       2
       1
       1
       1
       0
       1
       0
       0
       1
       1
       2
       4
       2
       2
       0
       0
       1
       1
       1
       0
       0
       1
       2
       0
       1
       1
       1
       1
       0
       1
       3
       1
       1
       0
       1
       0
       4
       1
       2
       3
       0
       1
       2
       0
       0
       1
       2
       0
       3
       0
       0
       1
       1
       0
       3
       0
       0
       1
       2
       1
       0
       2
       1
       3
       1
       2
       0
       3
       0
       2
       2
       3
       0
       1
       2
       1
       0
       2
       1
       2
       5
       1
       0
       1
       0
       2
       1
       1
       2
       2
       1
       2
       0
       0
       4
       1
       1
       0
       0
       4
       0
       0
       0
       3
       1
       1
       1
       1
       1
       0
       1
       2
       2
       0
       1
       0
       0
       0
       1
       3
       1
       1
       0
       0
       0
       1
       2
       0
       0
       2
       3
       4
       0
       0
       1
       0
       1
       2
       3
       5
       2
       0
       0
       1
       0
       0
       0
       2
       0
       0
       1
       1
       1
       1
       1
       2
       0
       1
       0
       0
       4
       0
       0
       0
       3
       2
       2
       3
       0
       0
       1
       2
       0
       3
       1
       1
       1
       0
       2
       0
       0
       0
       1
       1
       3
       2
       3
       0
       1
       2
       0
       0
       1
       0
       2
       2
       0
       1
       1
       1
       1
       0
       1
       1
       1
       0
       1
       1
       3
       2
       1
       0
       1
       1
       2
       0
       1
       1
       2
       1
       1
       0
       0
       0
       0
       0
       0
       0
       1
       0
       0
       0
       2
       1
       1
       0
       0
       0
       2
       1
       2
       0
       1
       1
       2
       0
       1
       0
       0
       0
       0
       0
       0
       1
       0
       1
       0
       3
       1
       1
       1
       1
       0
       1
       1
       0
       0
       1
       0
       0
       0
       0
       0
       0
       3
       0
       1
       1
       1
       0
       2
       0
       0
       0
       0
       5
       1
       1
       0
       0
       3
       0
       1
       0
       3
       0
       2
       0
       0
       1
       2
       0
       0
       1
       0
       0
       0
       0
       1
       0
       0
       1
       0
       2
       1
       0
       1
       0
       1
       1
       1
       0
       0
       1
       1
       0
       0
       0
       2
       3
       0
       1
       1
       0
       0
       2
       0
       3
       1
       0
       0
       3
       0
       1
       0
       2
       0
       0
       0
       1
       0
       0
       0
       2
       0
       0
       1
       1
       1
       0
       0
       0
       1
       0
       0
       0
       0
       1
       1
       0
       0
       1
       2
       1
       0
       0
       2
       2
       0
       0
       1
       0
       1
       0
       1
       1
       0
       1
       1
       0
       0
       0
       1
       1
       0
       1
       0
       1
       0
       0
       1
       0
       0
       0
       2
       2
       2
       2
       0
       0
       1
       3
       0
       0
       1
       0
       0
       1
       1
       0
       2
       0
       1
       1
       0
       0
       0
       0
       1
       2
       0
       1
       0
       0
       0
       0
       2
       1
       1
       0
       0
       0
       2
       1
       1
       3
       2
       2
       0
       1
       1
       1
       0
       0
       0
       1
       0
       0
       0
       0
       0
       1
       1
       1
       2
       0
       0
       0
       0
       1
       0
       0
       0
       1
       0
       1
       1
       1
       0
       0
       1
       0
       1
       0
       0
       1
       1
       0
       0
       0
       0
       0
       1
       0
       0
       0
       0
       1
       0
       0
       0
       0
       0
       0
       0
       0
       1
       1
       0
       1
       0
       0
       0
       0
       1
       1
       1
       0
       1
       0
       0
       2
       0
       1
       3
       0
       0
       1
       0
       0
       0
       0
       0
       0
       0
       1
       2
       0
       2
       0
       2
       0
       0
       0
       0
       0
       0
       1
       0
       2
       1
       0
       0
       1
       0
       0
       1
       0
       0
       1
       0
       1
       0
       0
       0
       1
       0
       1
       0
       1
       0
       0
       0
       0
       0
       1
       1
       0
       0
       1
       0
       0
       1
       0
       1
       0
       1
       0
       1
       0
       0
       0
       1
       0
       1
       1
       0
       0
       0
       0
       0
       0
       0
       0
       0
       0
       0
       0
       0
       2
       0
       1
       1
       0
       2
       0
       1
       0
       1
       0
       0
       3
       0
       0
       0
       0
       0
       0
       0
       1
       1
       2
       0
       0
       1
       0
       0
       1
       1
       0
       0
       0
       0
       0
       1
       0
       1
       0
       0
       1
       1
       2
       1
       0
       3
       0
       0
       0
       0
       0
       0
       0
       1
       0
       1
       1
       0
       0
       1
       0
       0
       0
       0
       0
       0
       1
       0
       0
       1
       0
       0
       0
       0
       0
       1
       2
       0
       0
       0
       0
       0
       1
       1
       2
       0
       0
       2
       1
       1
       0
       0
       2
       1
       1
       1
       0
       3
       0
       0
       0
       2
       0
       0
       0
       0
       0
       0
       1
       0
       0
       0
       0
       0
       0
       0
       0
       1
       1
       0
       0
       0
       0
       3
       0
       0
       0
       0
       1
       0
       0
       0
       0
       0
       0
       0
       0
       0
       0
       0
       0
       0
       1
       2
       0
       0
       0
       1
       2
       0
       0
       2
       0
       0
       0
       1
       0
       1
       0
       0
       2
       1
       0
       0
       1
       1
       0
       1
       1
       0
       2
       0
       0
       1
       1
       0
       0
       0
       1
       0
       1
       1
       1
       0
       0
       0
       0
       0
       0
       0
       0
       0
       1
       0
       0
       1
       1
       0
       1
       1
       1
       1
       1
       0
       0
       0
       0
       1
       0
       1
       0
       0
       3
       0
       0
       0
       0
       0
       0
       2
       0
       1
       0
       0
       1
       2
       0
       0
       0
       1
       0
       0
       0
       0
       0
       2
       0
       0
       1
       1
       0
       0
       0
       1
       1
       1
       0
       0
       1
       0
       1
       0
       1
       0
       1
       0
       1
       0
       1
       1
       0
       0
       0
       0
       0
       1
       1
       0
       0
       1
       0
       0
       0
       0
       0
       1
       0
       0
       0
       0
       0
       0
       0
       0
       1
       1
       0
       0
       0
       0
       0
       1
       2
       1
       2
       1
       0
       0
       2
       0
       1
       0
       1
       1
       0
       0
       0
       0
       0
       0
       1
       0
       1
       0
       1
       1
       0
       0
       0
       1
       1
       0
       0
       2
       0
       1
       0
       0
       1
       0
       0
       0
       1
       0
       0
       0
       0
       0
       1
       1
       1
       0
       1
       0
       2
       0
       0
       0
       0
       2
       0
       0
       0
       0
       0
       1
       0
       0
       0
       0
       0
       0
       0
       0
       0
       0
       0
       0
       0
       0
       0
       0
       0
       0
       0
       1
       0
       0
       0
       1
       0
       1
       0
       0
       0
       0
       1
       1
       1
       0
       1
       1
       0
       1
       0
       0
       0
       1
       0
       0
       0
       0
       0
       0
       0
       0
       0
       0
       0
       1
       1
       0
       0
       0
       0
       0
       0
       0
       0
       0
       0
       1
       0
       1
       0
       0
       0
       1
       0
       0
       2
       0
       0
       0
       1
       0
       1
       0
       1
       1
       0
       0
       0
       1
       0
       0
       0
       1
       0
       1
       0
       2
       1
       0
       1
       0
       0
       0
       0
       0
       0
       0
       1
       1
       1
       0
       0
       0
       0
       0
       0
       2
       0
       0
       1
       0
       0
       0
       0
       0
       0
       1
       0
       0
       2
       0
       0
       0
       1
       0
       1
       1
       0
       0
       1
       0
       0
       0
       0
       0
       1
       0
       0
       0
       0
       0
       0
       1
       0
       0
       0
       0
       0
       0
       0
       1
       1
       1
       0
       2
       0
       0
       0
       2
       0
       1
       0
       1
       0
       0
       0
       0
       0
       1
       0
       0
       0
       0
       1
       0
       0
       0
       0
       1
       0
       1
       1
       0
       0
       1
       1
       0
       0
       0
       0
       0
       2
       0
       0
       0
       0
       1
       0
       0
       0
       0
       1
       1
       0
       0
       1
       0
       0
       0
       0
       0
       0
       0
       0
       0
       0
       0
       1
       0
       0
       0
       0
       0
       1
       1
       0
       0
       0
       0
       1
       0
       2
       0
       0
       0
       1
       0
       0
       0
       0
       0
       0
       0
       1
       0
       0
       0
       0
       0
       0
       0
       0
       2
       2
       0
       0
       0
       1
       0
       0
       0
       0
       0
       0
       0
       0
       0
       1
       0
       0
       0
       0
       0
       0
       0
       0
       1
       0
       0
       0
       0
       0
       0
       0
       0
       0
       0
       0
       0
       0
       0
       1
       0
       0
       0
       0
       0
       0
       0
       0
       0
       0
       1
       0
       1
       0
       0
       1
       0
       3
       0
       0
       0
       0
       0
       0
       1
       0
       0
       1
       0
       2
       0
       0
       0
       0
       0
       1
       0
       1
       0
       0
       0
       0
       0
       0
       0
       0
       1
       0
       0
       0
       0
       0
       0
       1
       0
       0
       0
       2
       0
       0
       0
       0
       1
       0
       0
       1
       0
       0
       1
       0
       0
       0
       0
       0
       2
       1
       0
       0
       0
       0
       0
       0
       1
       1
       0
       3
       3
       0
       0
       0
       0
       0
       0
       0
       0
       0
       0
       1
       1
       0
       0
       0
       0
       0
       0
       0
       0
       0
       1
       1
       0
       0
       0
       1
       0
       0
       0
       0
       0
       1
       0
       0
       0
       0
       0
       0
       2
       0
       1
       0
       0
       0
       0
       0
       0
       0
       0
       0
       0
       0
       0
       0
       0
       0
       0
       0
       0
       0
       0
       0
       0
       0
       0
       0
       0
       1
       0
       0
       1
       1
       1
       0
       0
       0
       0
       0
       0
       0
       0
       0
       0
       0
       0
       1
       1
       0
       0
       0
       0
       0
       1
       0
       1
       0
       1
       0
       0
       1
       1
       0
       0
       1
       0
       1
       0
       0
       0
       0
       0
       2
       0
       0
       0
       0
       0
       0
       0
       1
       0
       0
       0
       0
       1
       0
       0
       1
       0
       0
       0
       0
       0
       0
       0
       1
       0
       0
       0
       0
       0
       0
       1
       0
       0
       0
       0
       0
       0
       0
       0
       0
       0
       0
       0
       0
       0
       0
       0
       1
       0
       0
       0
       0
       0
       0
       0
       0
       0
       1
       0
       0
       1
       0
       0
       0
       0
       1
       0
       0
       0
       0
       0
       1
       0
       1
       1
       1
       0
       0
       0
       0
       0
       0
       0
       0
       0
       0
       0
       0
       1
       0
       1
       0
       0
       0
       0
       0
       0
       0
       1
       0
       0
       0
       0
       0
       0
       1
       0
       0
       0
       0
       0
       0
       0
       0
       0
       0
       0
       0
       1
       0
       0
       1
       0
       0
       2
       0
       0
       1
       0
       0
       0
       0
       0
       0
       0
       1
       0
       0
       0
       0
       1
       0
       0
       0
       0
       0
       0
       0
       0
       0
       0
       0
       0
       0
       0
       1
       0
       1
       0
       0
       0
       1
       0
       0
       0
       1
       0
       0
       0
       0
       0
       1
       0
       0
       1
       1
       0
       0
       0
       0
       1
       0
       0
       0
       0
       0
       0
       1
       1
       0
       0
       0
       0
       0
       0
       0
       0
       0
       0
       0
       2
       1
       0
       0
       0
       0
       1
       1
       0
       0
       0
       1
       0
       2
       0
       1
       1
       1
       0
       0
       0
       0
       0
       0
       1
       1
       0
       0
       0
       1
       0
       0
       0
       0
       0
       0
       0
       0
       0
       0
       0
       1
       0
       0
       2
       1
       1
       1
       0
       0
       2
       0
       0
       1
       0
       1
       2
       2
       0
       1
       0
       1
       1
       2
       0
       0
       0
       1
       1
       0
       0
       0
       1
       1
       1
       0
       1
       0
       0
       0
       1
       0
       0
       0
       1
       0
       0
       1
       0
       0
       0
       0
       0
       1
       1
       0
       1
       0
       2
       0
       0
       0
       1
       1
       1
       0
       0
       0
       2
       1
       1
       1
       1
       1
       0
       2
       1
       0
       0
       0
       1
       0
       0
       0
       0
       0
       0
       1
       2
       1
       1
       0
       1
       0
       0
       1
       0
       1
       0
       0
       1
       0
       1
       1
       2
       2
       0
       0
       1
       1
       0
       0
       0
       2
       0
       1
       0
       1
       1
       0
       0
       1
       1
       2
       0
       2
       1
       2
       2
       4
       1
       0
       0
       4
       0
       1
       0
       0
       1
       3
       1
       1
       1
       1
       1
       2
       0
       1
       3
       2
       2
       0
       1
       0
       1
       0
       1
       1
       3
       1
       2
       2
       3
       1
       1
       2
       0
       0
       1
       1
       0
       1
       1
       0
       1
       3
       1
       2
       1
       3
       3
       1
       2
       5
       3
       3
       2
       1
       3
       9
       6
       6
       1
       7
       9
       8
      10
       6
      17
       5
       7
       4
       0
       2
       2
       0
       0
       0
       0
       0
       0
       0
       0
       0
       0
       0
       0
       0
       0
       0
       0
       0
       0
       0
       0
       0
       0
       0
       0
       0
       0
       0
       0
       0
       0
       0
       0
       0
       0
       0
       0
       0
       0
       0
       0
       0
       0
       0
       0
       0
       0
       0
       0
       0
       0
       0
       0
       0
       0
       0
       0
       0
       0
       0
       0
       0
       0
       0
       0
       0
       0
       0
       0
       0
       0
       0
       0
       0
       0
       0
       0
       0
       0
       0
       0
       0
       0
       0
       0
       0
       0
       0
       0
       0
       0
       0
       0
       0
       0
       0
       0
       0
       0
       0
       0
       0
       0
       0
       0
       0
       0
       0
       0
       0
       0
       0
       0
       0
       0
       0
       0
       0
       0
       0
       0
       0
       0
       0
       0
       0
       0
       0
       0
       0
       0
       0
       0
       0
       0
       0
       0
       0
       0
       0
       0
       0
       0
       0
       0
       0
       0
       0
       0
       0
       0
       0
       0
       0
       0
       0
       0
       0
       0
       0
       0
       0
       0
       0
       0
       0
       0
       0
       0
       0
       0
       0
       0
       0
       0
       0
       0
       0
       0
       0
       0
       0
       0
       0
       0
       0
       0
       0
       0
       0
       0
       0
       0
       0
       0
       0
       0
       0
       0
       0
       0
       0
       0
       0
       0
       0
       0
       0
       0
       0
       0
       0
       0
       0
       0
       0
       0
       0
       0
       0
       0
       0
       0
       0
       0
       0
       0
       0
       0
       0
       0
       0
       0
       0
       0
       0
       0
       0
       0
       0
       0
       0
       0
       0
       0
       0
       0
       0
       0
       0
       0
       0
       0
       0
       0
       0
       0
       0
       0
       0
       0
       0
       0
       0
       0
       0
       0
       0
       0
       0
       0
       0
       0
       0
       0
       0
       0
       0
       0
       0
       0
       0
       0
       0
       0
       0
       0
       0
       0
       0
       0
       0
       0
       0
       0
       0
       0
       0
       0
       0
       0
       0
       0
       0
       0
       0
       0
       0
       0
       0
       0
       0
       0
       0
       0
       0
       0
       0
       0
       0
       0
       0
       0
       0
       0
       0
       0
       0
       0
       0
       0
       0
       0
       0
       0
       0
       0
       0
       0
       0
       0
       0
       0
       0
       0
       0
       0
       0
       0
       0
       0
       0
       0
       0
       0
       0
       0
       0
       0
       0
       0
       0
       0
       0
       0
       0
       0
       0
       0
       0
       0
       0
       0
       0
       0
       0
       0
       0
       0
       0
       0
       0
       0
       0
$ROI:
3
5 213
215 1972
4034 4072
$PRESETS:
None
0
0
$ENER_FIT:
0.000000 0.000000
$MCA_CAL:
3
0.000000E+000 0.000000E+000 0.000000E+000 
$SHAPE_CAL:
3
0.000000E+000 0.000000E+000 0.000000E+000
