$SPEC_ID:
Silicon
$SPEC_REM:
DET# 3
DETDESC# 78-GP-NB0025 Model 928 SN 15355078
AP# Maestro Version 7.01
$DATE_MEA:
03/13/2024 21:11:36
$MEAS_TIM:
505 629
$DATA:
0 4095
       0
       0
       0
       0
       0
       0
       0
       0
       0
       0
       5
  122355
 5310494
 2792879
 1825272
 1622035
 1440533
 1243669
 1059754
  913283
  793245
  692610
  605467
  529297
  464745
  406624
  358308
  315160
  279132
  246682
  217783
  192973
  171446
  152364
  135177
  120273
  106507
   94944
   84247
   74053
   65647
   58926
   51466
   45376
   40383
   35849
   31278
   27722
   24265
   21619
   18996
   16742
   14700
   12994
   11257
   10091
    8791
    7868
    7064
    6222
    5534
    5012
    4408
    4001
    3600
    3168
    2918
    2664
    2374
    2258
    2063
    1897
    1700
    1562
    1480
    1398
    1282
    1222
    1166
    1077
     969
     994
     931
     912
     844
     836
     792
     761
     720
     684
     669
     663
     641
     613
     637
     566
     583
     563
     517
     525
     454
     486
     457
     493
     461
     489
     438
     430
     405
     406
     401
     399
     395
     362
     344
     344
     338
     352
     331
     331
     318
     320
     306
     277
     321
     267
     275
     265
     269
     257
     272
     278
     250
     290
     228
     272
     258
     237
     203
     219
     199
     222
     201
     177
     207
     200
     221
     217
     199
     178
     200
     185
     178
     202
     175
     174
     193
     189
     160
     161
     170
     173
     141
     164
     167
     158
     134
     147
     160
     131
     147
     154
     143
     141
     144
     134
     115
     113
     127
     110
     129
     115
     147
     110
     118
     108
     116
     109
     102
      98
     134
     114
     113
      97
     121
     111
     102
      94
      89
      94
      93
     116
     111
     100
      70
      92
      96
      92
     106
     105
      93
      96
      79
      92
      90
      82
      67
      83
      83
      86
      86
      71
      87
      81
      83
      89
      80
      87
      73
      75
      79
      80
      81
      64
      63
      72
      64
      63
      68
      70
      55
      81
      61
      78
      64
      66
      81
      57
      67
      69
      53
      62
      67
      53
      65
      56
      52
      79
      52
      56
      57
      58
      66
      50
      56
      52
      54
      42
      47
      56
      66
      42
      57
      67
      52
      51
      58
      55
      57
      39
      46
      43
      47
      46
      58
      45
      38
      60
      48
      59
      53
      55
      36
      40
      43
      48
      41
      50
      34
      41
      44
      40
      45
      36
      32
      45
      43
      48
      38
      45
      31
      39
      33
      36
      38
      37
      45
      43
      33
      40
      37
      40
      42
      21
      36
      37
      29
      28
      35
      35
      23
      32
      31
      44
      32
      36
      27
      27
      39
      35
      33
      30
      43
      34
      37
      36
      30
      32
      32
      21
      29
      40
      27
      36
      31
      27
      34
      29
      32
      18
      31
      32
      22
      16
      37
      35
      40
      26
      30
      26
      18
      24
      18
      23
      26
      22
      25
      29
      17
      31
      17
      30
      30
      27
      25
      21
      30
      26
      30
      23
      31
      31
      32
      31
      34
      24
      40
      26
      26
      18
      17
      26
      26
      22
      30
      17
      28
      14
      28
      21
      19
      24
      25
      23
      26
      13
      17
      18
      21
      26
      22
      16
      19
      25
      16
      21
      18
      27
      20
      26
      15
      20
      18
      16
      24
      13
      32
      28
      20
      13
      25
      20
      12
      22
      16
      22
      26
      18
      17
      20
      18
      19
      26
      22
      16
      13
      19
      17
      21
      17
      12
      15
      19
      12
      21
      20
      10
      21
      17
      24
      17
      19
      17
      14
      22
      23
      26
      25
      13
      14
      20
      12
      23
      10
      16
      11
       8
      15
      11
      19
      15
      10
      15
      15
      17
      15
      12
      17
      13
      11
      13
      14
      11
      17
      12
      17
      15
      16
      19
      11
      15
      13
      13
      18
      10
      15
      18
      14
      18
      14
      21
      14
      10
      13
      19
      18
      12
      16
      11
      15
      16
      13
      24
      14
      12
      12
      12
      14
      11
      18
      20
      12
       9
      15
      10
      12
      16
       8
      17
      13
      10
       8
       9
      14
      13
       7
       7
      17
      14
       8
       5
       9
      13
      13
      19
       9
      13
       9
      14
      13
      12
      13
      10
      10
       7
      14
      16
      12
      11
      12
       8
       8
      10
      13
      14
       4
      13
       9
       5
      16
       9
      18
      17
       7
      11
      10
      10
       7
      12
       4
      11
      10
       9
       9
      10
      14
       9
       8
       9
      10
      10
      13
      10
       6
      11
      11
      10
      13
      12
       5
      12
      11
       9
       6
       7
       7
       5
      11
      15
       7
      12
       5
       9
       6
      10
       7
       8
       7
      19
       6
       8
       5
       7
       7
      10
      10
      10
       9
       6
       6
       5
      14
       8
       5
       2
      10
       8
       9
       5
       7
      12
       4
      10
      10
      11
       6
       6
       8
       4
      10
      12
       3
       9
       3
       8
       8
      13
       4
       7
       8
       7
       6
       6
       6
       9
       8
       3
       7
       9
       5
       4
       1
       5
       8
       7
       8
       3
       9
      13
       9
       7
      12
       7
       6
       4
       6
       5
      10
       4
       6
       6
       7
       6
       3
       9
       5
      11
       4
       7
       4
       5
       7
       6
       1
       3
       8
       8
       4
       3
       5
      10
       7
       5
       4
       0
       2
       8
       4
       9
       6
       8
       5
       4
       9
       2
       9
       7
       6
       8
      11
       7
       1
       5
       8
       8
       4
       8
       4
       6
       6
       9
       8
       3
       6
       6
       4
       6
       8
       9
       6
      12
       5
       9
       6
       5
       3
       5
       2
       5
       3
       7
       9
       3
      12
       4
       3
       7
       6
       8
       4
       2
       5
       8
       8
       2
       1
       4
       7
       7
       5
       5
       5
       9
       3
       4
       4
       7
       5
       5
       4
      10
       8
       5
       2
       7
       8
       4
       4
       3
       6
      10
       7
       6
       2
       7
       6
       5
       4
       3
       1
       5
       6
       7
       8
       5
       3
       2
       4
       4
       4
       5
       2
       6
       3
       5
       6
       5
       5
       1
       4
       7
       2
       7
       3
       5
       3
       3
       3
       4
       6
       5
       7
       3
       8
       3
       5
       6
       7
       4
       6
       5
       6
       2
       7
       6
       5
       2
       8
       5
       0
       2
       3
       1
       4
       4
       2
       1
       3
       5
       6
       3
       2
       4
       3
       5
       1
       6
       7
       2
       7
       4
       1
       5
       2
       5
       2
       6
       3
       1
       2
       5
       3
       7
       9
       9
       5
       3
       1
       8
       2
       2
       4
       2
       5
       7
       2
       1
       3
       7
       2
       5
       2
       2
       6
       3
       3
       2
       3
       3
       3
       3
       2
       7
       4
       5
       3
       4
       1
       3
       4
       4
       3
       2
       6
       1
       3
       4
       4
       7
       6
       4
       3
       2
       5
       3
       2
       4
       4
       2
       2
       3
       4
       2
       4
       3
       3
       2
       1
       5
       3
       1
       5
       5
       3
       6
       2
       1
       2
       1
       1
       5
       3
       3
       1
       8
       0
       4
       4
       3
       5
       4
       4
       4
       6
       4
       1
       3
       3
       1
       2
       4
       3
       1
       4
       3
       1
       3
       3
       3
       3
       2
       5
       0
       2
       5
       3
       3
       5
       1
       1
       0
       5
       2
       3
       3
       4
       4
       6
       3
       3
       3
       2
       5
       5
       4
       2
       6
       4
       3
       4
       3
       4
       1
       2
       1
       4
       3
       1
       2
       2
       3
       4
       4
       4
       4
       3
       1
       4
       1
       4
       3
       4
       3
       2
       2
       1
       1
       3
       2
       4
       2
       2
       4
       6
       5
       4
       2
       2
       3
       4
       4
       3
       6
       4
       2
       2
       6
       2
       3
       2
       2
       4
       4
       6
       1
       1
       2
       2
       2
       1
       4
       1
       2
       4
       4
       2
       1
       7
       0
       2
       2
       2
       5
       2
       2
       2
       3
       1
       0
       1
       1
       3
       4
       1
       4
       0
       5
       5
       1
       2
       5
       3
       4
       2
       5
       3
       8
       3
       3
       0
       1
       4
       3
       1
       2
       5
       2
       2
       3
       2
       3
       1
       2
       0
       3
       2
       4
       3
       2
       3
       2
       5
       0
       2
       2
       0
       1
       0
       4
       4
       1
       5
       4
       1
       1
       2
       3
       3
       4
       5
       0
       2
       5
       3
       1
       4
       1
       1
       3
       1
       1
       2
       4
       2
       4
       3
       1
       1
       2
       6
       2
       0
       3
       2
       2
       0
       2
       4
       5
       2
       1
       4
       2
       0
       1
       2
       4
       2
       3
       1
       1
       2
       3
       1
       2
       1
       2
       0
       2
       2
       2
       2
       1
       3
       1
       3
       1
       2
       0
       0
       0
       1
       3
       3
       4
       3
       3
       1
       3
       2
       1
       1
       5
       2
       2
       3
       4
       3
       4
       2
       1
       2
       2
       1
       3
       1
       3
       2
       4
       1
       2
       0
       0
       2
       0
       2
       4
       5
       1
       1
       1
       0
       0
       4
       0
       1
       1
       2
       1
       2
       3
       1
       2
       3
       1
       1
       2
       5
       2
       0
       2
       2
       2
       1
       3
       0
       1
       0
       2
       0
       4
       0
       1
       4
       2
       2
       1
       1
       0
       3
       1
       1
       2
       0
       1
       2
       1
       0
       1
       1
       0
       3
       2
       1
       0
       1
       1
       4
       3
       1
       0
       3
       2
       2
       1
       3
       2
       3
       1
       2
       3
       1
       2
       0
       0
       2
       2
       2
       3
       4
       0
       0
       2
       1
       3
       4
       4
       2
       0
       0
       3
       1
       2
       0
       1
       2
       1
       1
       2
       0
       1
       2
       3
       0
       2
       3
       3
       3
       2
       1
       1
       2
       0
       0
       2
       1
       3
       0
       1
       1
       2
       2
       0
       0
       3
       0
       4
       4
       1
       0
       1
       2
       0
       2
       2
       1
       0
       1
       4
       1
       1
       0
       2
       1
       0
       2
       1
       3
       2
       2
       1
       3
       1
       1
       0
       0
       2
       4
       1
       0
       2
       2
       3
       7
       0
       1
       0
       1
       5
       0
       0
       2
       0
       2
       2
       5
       3
       2
       4
       3
       2
       2
       2
       1
       1
       5
       4
       1
       3
       0
       1
       3
       3
       2
       3
       1
       2
       3
       1
       3
       4
       1
       2
       4
       0
       1
       1
       2
       2
       0
       1
       1
       6
       2
       2
       1
       3
       1
       3
       1
       1
       0
       1
       1
       2
       1
       2
       1
       2
       2
       2
       3
       0
       2
       0
       1
       1
       0
       1
       2
       0
       1
       0
       3
       1
       0
       1
       6
       1
       3
       0
       1
       1
       2
       0
       0
       2
       0
       3
       2
       0
       2
       1
       4
       3
       5
       0
       0
       1
       4
       2
       1
       1
       2
       1
       1
       2
       2
       2
       1
       1
       0
       1
       1
       2
       0
       1
       2
       1
       1
       3
       1
       0
       0
       3
       1
       2
       1
       1
       2
       2
       2
       3
       0
       1
       1
       1
       3
       0
       2
       1
       0
       0
       2
       1
       0
       2
       0
       0
       0
       2
       1
       0
       1
       3
       2
       0
       1
       0
       2
       2
       1
       0
       1
       1
       1
       3
       0
       1
       2
       2
       1
       0
       1
       0
       0
       2
       3
       3
       0
       0
       4
       2
       0
       1
       2
       2
       1
       0
       1
       1
       1
       2
       1
       0
       0
       3
       2
       1
       1
       2
       0
       2
       0
       0
       0
       3
       2
       2
       2
       2
       2
       3
       0
       0
       1
       2
       1
       0
       0
       3
       1
       2
       1
       0
       2
       0
       0
       1
       2
       2
       0
       0
       1
       1
       2
       2
       1
       2
       2
       1
       2
       0
       1
       1
       4
       0
       0
       2
       1
       2
       0
       1
       0
       0
       0
       0
       1
       2
       0
       2
       2
       2
       3
       2
       0
       1
       2
       0
       1
       2
       0
       3
       2
       1
       1
       2
       0
       1
       1
       1
       0
       1
       0
       1
       2
       2
       3
       1
       0
       3
       1
       3
       1
       0
       1
       3
       1
       1
       2
       0
       1
       1
       2
       1
       1
       2
       0
       1
       3
       2
       1
       1
       0
       3
       1
       0
       3
       1
       1
       2
       0
       0
       0
       0
       3
       0
       1
       2
       0
       1
       1
       0
       3
       1
       1
       2
       0
       3
       0
       1
       1
       2
       0
       0
       0
       1
       0
       1
       0
       2
       1
       1
       0
       1
       0
       3
       1
       1
       0
       1
       0
       0
       0
       0
       0
       1
       2
       0
       3
       1
       1
       1
       1
       1
       0
       2
       1
       0
       0
       1
       0
       3
       2
       0
       1
       0
       0
       0
       0
       0
       1
       0
       1
       0
       3
       1
       1
       0
       0
       4
       1
       1
       2
       3
       0
       1
       0
       1
       0
       2
       1
       1
       1
       1
       0
       1
       1
       0
       3
       2
       2
       1
       1
       0
       1
       0
       2
       0
       2
       1
       0
       2
       1
       0
       2
       1
       0
       1
       3
       1
       0
       0
       1
       2
       0
       2
       1
       3
       0
       2
       0
       1
       2
       3
       1
       0
       1
       3
       0
       0
       0
       1
       1
       1
       1
       0
       0
       2
       0
       2
       1
       2
       0
       0
       1
       1
       0
       1
       2
       0
       2
       0
       2
       0
       2
       0
       1
       1
       1
       2
       0
       0
       2
       0
       1
       2
       1
       3
       0
       2
       0
       2
       1
       2
       1
       1
       1
       1
       1
       0
       0
       1
       1
       0
       0
       0
       0
       3
       3
       1
       3
       1
       1
       0
       0
       0
       0
       1
       1
       0
       1
       0
       0
       0
       0
       0
       1
       1
       0
       0
       3
       0
       1
       1
       0
       3
       3
       0
       0
       1
       0
       1
       3
       0
       2
       0
       0
       2
       0
       2
       0
       1
       1
       2
       1
       3
       3
       1
       0
       0
       0
       1
       0
       1
       1
       2
       0
       1
       1
       4
       3
       2
       2
       1
       2
       0
       1
       0
       1
       1
       3
       2
       3
       2
       0
       0
       1
       1
       1
       0
       2
       2
       0
       2
       0
       0
       3
       1
       0
       0
       3
       0
       1
       3
       0
       1
       4
       0
       0
       0
       2
       1
       0
       1
       0
       2
       0
       2
       0
       1
       0
       0
       0
       2
       2
       0
       2
       1
       0
       0
       2
       0
       0
       0
       0
       3
       1
       1
       0
       0
       1
       1
       2
       1
       1
       1
       0
       3
       2
       0
       0
       0
       1
       0
       0
       2
       1
       0
       0
       1
       0
       1
       4
       4
       1
       0
       1
       1
       0
       1
       1
       1
       1
       1
       1
       0
       1
       2
       0
       1
       2
       2
       2
       0
       1
       2
       0
       1
       1
       0
       0
       1
       0
       1
       2
       0
       2
       1
       1
       2
       1
       1
       0
       2
       0
       1
       2
       3
       0
       2
       3
       1
       0
       0
       0
       0
       0
       0
       2
       0
       0
       0
       3
       2
       0
       0
       0
       0
       0
       0
       0
       1
       0
       0
       0
       0
       2
       1
       1
       1
       0
       0
       0
       1
       1
       1
       0
       1
       1
       0
       1
       0
       0
       1
       0
       0
       1
       0
       1
       2
       0
       1
       1
       1
       1
       2
       2
       0
       0
       0
       0
       0
       1
       3
       0
       2
       0
       1
       0
       0
       0
       2
       0
       1
       0
       0
       3
       0
       0
       0
       1
       1
       0
       0
       0
       0
       1
       0
       1
       0
       1
       2
       1
       0
       0
       1
       2
       1
       0
       0
       0
       1
       0
       0
       2
       1
       1
       2
       0
       0
       0
       1
       1
       0
       0
       0
       1
       1
       0
       2
       2
       0
       1
       0
       3
       0
       0
       1
       1
       0
       2
       2
       1
       1
       0
       0
       0
       0
       0
       2
       1
       0
       0
       1
       0
       0
       0
       0
       0
       0
       0
       1
       0
       1
       1
       0
       1
       1
       2
       0
       0
       1
       2
       1
       1
       4
       0
       1
       1
       1
       0
       0
       0
       0
       0
       0
       0
       1
       0
       0
       0
       0
       0
       0
       0
       0
       0
       0
       0
       1
       1
       0
       0
       0
       0
       1
       0
       1
       0
       1
       0
       0
       0
       0
       0
       0
       0
       0
       1
       1
       1
       3
       1
       1
       1
       2
       1
       0
       0
       1
       1
       0
       1
       0
       1
       0
       0
       0
       0
       1
       1
       0
       0
       0
       0
       1
       0
       0
       1
       0
       1
       0
       0
       0
       1
       1
       1
       0
       2
       0
       0
       1
       0
       2
       1
       1
       0
       0
       0
       2
       0
       0
       1
       0
       0
       1
       0
       0
       1
       2
       1
       0
       0
       0
       0
       0
       1
       2
       0
       0
       0
       1
       1
       0
       0
       0
       0
       0
       1
       0
       0
       1
       0
       0
       1
       0
       0
       0
       1
       0
       1
       0
       0
       2
       0
       0
       0
       0
       2
       0
       0
       1
       0
       0
       2
       1
       0
       0
       0
       0
       1
       0
       0
       0
       2
       0
       1
       0
       0
       0
       1
       0
       0
       0
       0
       0
       0
       0
       0
       1
       2
       1
       0
       2
       1
       0
       1
       1
       1
       0
       2
       0
       0
       1
       1
       1
       0
       0
       0
       0
       0
       0
       0
       3
       0
       0
       0
       0
       0
       2
       0
       0
       2
       1
       0
       1
       1
       0
       1
       0
       0
       0
       0
       0
       0
       1
       0
       0
       0
       0
       2
       0
       0
       0
       0
       1
       0
       1
       2
       1
       0
       1
       0
       1
       0
       0
       0
       0
       2
       0
       0
       0
       1
       0
       0
       0
       0
       0
       0
       0
       1
       1
       0
       0
       0
       0
       1
       0
       0
       1
       0
       1
       0
       0
       1
       0
       0
       1
       1
       0
       0
       0
       0
       0
       2
       0
       0
       0
       0
       0
       0
       0
       0
       1
       0
       0
       0
       1
       0
       0
       0
       0
       0
       0
       0
       2
       0
       0
       1
       0
       0
       1
       0
       0
       0
       1
       1
       0
       0
       1
       1
       3
       1
       0
       0
       0
       1
       0
       0
       0
       0
       0
       1
       0
       0
       0
       2
       0
       1
       0
       0
       0
       0
       0
       0
       0
       0
       0
       0
       0
       1
       0
       0
       0
       0
       2
       0
       0
       1
       1
       0
       0
       0
       0
       0
       0
       0
       2
       0
       0
       0
       0
       0
       1
       0
       0
       0
       0
       0
       0
       1
       0
       0
       1
       1
       1
       2
       3
       0
       0
       0
       0
       3
       0
       0
       0
       0
       1
       0
       0
       1
       1
       1
       0
       0
       2
       1
       0
       0
       0
       0
       0
       0
       1
       0
       0
       0
       0
       2
       0
       0
       0
       0
       0
       1
       2
       0
       0
       1
       1
       0
       1
       0
       0
       0
       2
       0
       0
       0
       1
       0
       1
       0
       0
       0
       1
       0
       0
       0
       0
       1
       0
       0
       0
       1
       2
       0
       1
       1
       1
       0
       0
       0
       1
       0
       0
       1
       0
       1
       0
       0
       2
       1
       0
       0
       0
       0
       1
       0
       0
       0
       0
       1
       0
       0
       0
       1
       1
       1
       1
       0
       0
       1
       0
       0
       0
       1
       0
       0
       1
       0
       0
       0
       0
       2
       0
       0
       0
       0
       1
       0
       0
       1
       1
       1
       0
       0
       0
       0
       0
       0
       0
       1
       0
       0
       0
       0
       2
       0
       1
       0
       0
       0
       0
       0
       0
       0
       0
       0
       0
       0
       1
       0
       0
       1
       0
       0
       0
       0
       1
       0
       0
       0
       0
       0
       0
       0
       1
       0
       1
       0
       0
       1
       0
       0
       0
       0
       0
       0
       1
       0
       0
       0
       0
       1
       0
       0
       0
       1
       2
       0
       1
       0
       0
       0
       0
       0
       0
       1
       0
       0
       0
       0
       0
       0
       1
       0
       0
       1
       1
       1
       1
       0
       0
       0
       0
       0
       1
       0
       0
       0
       0
       0
       0
       1
       0
       0
       1
       0
       0
       0
       0
       0
       1
       0
       1
       1
       0
       0
       0
       0
       0
       1
       0
       0
       0
       0
       2
       0
       0
       1
       0
       0
       0
       0
       2
       0
       1
       0
       0
       0
       0
       0
       1
       0
       2
       0
       0
       1
       0
       0
       1
       0
       0
       0
       0
       0
       0
       1
       0
       0
       0
       0
       1
       1
       0
       0
       0
       0
       0
       0
       0
       0
       0
       1
       0
       0
       0
       0
       1
       0
       1
       2
       1
       0
       0
       0
       0
       0
       0
       0
       1
       1
       0
       0
       0
       0
       0
       0
       0
       0
       0
       0
       0
       0
       0
       0
       0
       1
       0
       0
       0
       0
       0
       0
       0
       0
       0
       1
       0
       0
       0
       0
       1
       1
       0
       1
       0
       0
       0
       0
       0
       0
       0
       0
       0
       0
       0
       1
       0
       1
       1
       0
       0
       0
       0
       0
       0
       0
       0
       0
       0
       1
       0
       0
       0
       1
       0
       0
       0
       0
       1
       0
       0
       0
       0
       0
       0
       0
       0
       0
       0
       0
       1
       0
       0
       0
       0
       1
       0
       0
       0
       0
       1
       1
       0
       0
       0
       1
       0
       0
       0
       0
       0
       0
       1
       0
       0
       0
       0
       0
       0
       1
       1
       0
       0
       2
       0
       0
       0
       0
       1
       0
       1
       0
       0
       0
       0
       1
       0
       0
       0
       0
       1
       0
       1
       0
       1
       0
       0
       2
       1
       0
       0
       0
       0
       2
       0
       0
       0
       0
       0
       0
       0
       0
       1
       0
       1
       0
       0
       0
       0
       0
       0
       1
       0
       0
       1
       0
       0
       0
       1
       0
       0
       0
       0
       1
       1
       2
       0
       0
       0
       0
       0
       0
       0
       1
       1
       0
       0
       0
       0
       2
       1
       0
       0
       1
       0
       0
       1
       0
       1
       1
       0
       1
       0
       0
       0
       0
       0
       0
       0
       0
       0
       1
       0
       0
       1
       0
       0
       0
       0
       0
       0
       0
       0
       0
       0
       1
       0
       2
       0
       1
       0
       0
       1
       1
       1
       0
       0
       0
       2
       1
       0
       0
       0
       0
       2
       0
       0
       0
       0
       1
       0
       0
       0
       0
       0
       0
       1
       0
       0
       1
       0
       0
       0
       0
       0
       1
       0
       0
       1
       0
       1
       0
       0
       0
       0
       0
       0
       1
       0
       0
       0
       0
       0
       0
       1
       0
       0
       0
       0
       0
       0
       0
       1
       0
       0
       0
       0
       1
       0
       0
       0
       0
       1
       0
       0
       0
       0
       0
       0
       0
       0
       0
       0
       0
       0
       0
       0
       0
       1
       1
       0
       0
       1
       0
       1
       0
       0
       0
       0
       0
       0
       0
       0
       0
       1
       0
       0
       0
       0
       0
       0
       0
       0
       0
       0
       0
       0
       1
       1
       0
       0
       0
       0
       0
       0
       0
       0
       1
       0
       0
       0
       0
       1
       0
       0
       0
       0
       0
       1
       0
       0
       0
       0
       0
       0
       1
       0
       0
       0
       0
       2
       0
       1
       0
       1
       0
       0
       0
       1
       0
       0
       0
       0
       0
       0
       0
       1
       0
       1
       1
       0
       0
       1
       0
       0
       0
       0
       0
       0
       1
       0
       1
       0
       0
       1
       0
       0
       0
       0
       0
       1
       0
       0
       0
       1
       0
       0
       0
       1
       0
       0
       0
       0
       1
       0
       1
       1
       1
       0
       1
       0
       0
       0
       0
       1
       0
       1
       0
       0
       0
       1
       1
       0
       0
       0
       1
       0
       1
       1
       0
       0
       1
       0
       0
       0
       0
       0
       0
       1
       0
       0
       1
       0
       0
       1
       0
       0
       1
       0
       0
       1
       0
       0
       0
       0
       2
       0
       0
       1
       0
       1
       0
       0
       1
       0
       0
       1
       0
       0
       1
       0
       0
       1
       0
       1
       0
       1
       0
       0
       2
       0
       0
       0
       1
       2
       2
       0
       0
       1
       0
       1
       0
       0
       0
       0
       1
       0
       2
       0
       0
       1
       0
       0
       1
       1
       0
       0
       0
       0
       0
       2
       0
       2
       0
       0
       0
       2
       0
       0
       1
       0
       1
       1
       1
       1
       0
       2
       0
       0
       0
       1
       0
       1
       0
       1
       2
       0
       0
       1
       2
       0
       0
       0
       1
       0
       0
       1
       0
       0
       1
       1
       4
       1
       2
       0
       4
       2
       0
       1
       2
       0
       0
       0
       1
       0
       0
       1
       0
       1
       0
       0
       0
       2
       1
       2
       0
       1
       1
       0
       0
       0
       3
       0
       0
       2
       2
       1
       1
       0
       1
       0
       2
       0
       1
       4
       2
       5
       0
       0
       0
       0
       2
       0
       2
       2
       1
       1
       2
       0
       1
       0
       3
       1
       0
       1
       3
       2
       3
       4
       2
       1
       1
       4
       1
       1
       1
       1
       2
       4
       5
       2
       5
       3
       2
       4
       4
       4
      11
       5
       8
      14
       7
       8
      10
       8
      10
       6
       1
       1
       0
       0
       0
       0
       0
       0
       0
       0
       0
       0
       0
       0
       0
       0
       0
       0
       0
       0
       0
       0
       0
       0
       0
       0
       0
       0
       0
       0
       0
       0
       0
       0
       0
       0
       0
       0
       0
       0
       0
       0
       0
       0
       0
       0
       0
       0
       0
       0
       0
       0
       0
       0
       0
       0
       0
       0
       0
       0
       0
       0
       0
       0
       0
       0
       0
       0
       0
       0
       0
       0
       0
       0
       0
       0
       0
       0
       0
       0
       0
       0
       0
       0
       0
       0
       0
       0
       0
       0
       0
       0
       0
       0
       0
       0
       0
       0
       0
       0
       0
       0
       0
       0
       0
       0
       0
       0
       0
       0
       0
       0
       0
       0
       0
       0
       0
       0
       0
       0
       0
       0
       0
       0
       0
       0
       0
       0
       0
       0
       0
       0
       0
       0
       0
       0
       0
       0
       0
       0
       0
       0
       0
       0
       0
       0
       0
       0
       0
       0
       0
       0
       0
       0
       0
       0
       0
       0
       0
       0
       0
       0
       0
       0
       0
       0
       0
       0
       0
       0
       0
       0
       0
       0
       0
       0
       0
       0
       0
       0
       0
       0
       0
       0
       0
       0
       0
       0
       0
       0
       0
       0
       0
       0
       0
       0
       0
       0
       0
       0
       0
       0
       0
       0
       0
       0
       0
       0
       0
       0
       0
       0
       0
       0
       0
       0
       0
       0
       0
       0
       0
       0
       0
       0
       0
       0
       0
       0
       0
       0
       0
       0
       0
       0
       0
       0
       0
       0
       0
       0
       0
       0
       0
       0
       0
       0
       0
       0
       0
       0
       0
       0
       0
       0
       0
       0
       0
       0
       0
       0
       0
       0
       0
       0
       0
       0
       0
       0
       0
       0
       0
       0
       0
       0
       0
       0
       0
       0
       0
       0
       0
       0
       0
       0
       0
       0
       0
       0
       0
       0
       0
       0
       0
       0
       0
       0
       0
       0
       0
       0
       0
       0
       0
       0
       0
       0
       0
       0
       0
       0
       0
       0
       0
       0
       0
       0
       0
       0
       0
       0
       0
       0
       0
       0
       0
       0
       0
       0
       0
       0
       0
       0
       0
       0
       0
       0
       0
       0
       0
       0
       0
       0
       0
       0
       0
       0
       0
       0
       0
       0
       0
       0
       0
       0
       0
       0
       0
       0
       0
       0
       0
       0
       0
       0
       0
       0
       0
       0
       0
       0
       0
       0
       0
       0
       0
$ROI:
3
5 213
215 1972
4034 4072
$PRESETS:
None
0
0
$ENER_FIT:
0.000000 0.000000
$MCA_CAL:
3
0.000000E+000 0.000000E+000 0.000000E+000 
$SHAPE_CAL:
3
0.000000E+000 0.000000E+000 0.000000E+000
