$SPEC_ID:
Silicon
$SPEC_REM:
DET# 3
DETDESC# 78-GP-NB0025 Model 928 SN 15355078
AP# Maestro Version 7.01
$DATE_MEA:
03/13/2024 22:19:01
$MEAS_TIM:
692 834
$DATA:
0 4095
       0
       0
       0
       0
       0
       0
       0
       0
       0
       0
       3
  132853
 6516364
 3445379
 2125892
 1882227
 1664797
 1402127
 1164473
  984530
  847789
  735643
  638005
  554780
  482934
  422070
  369191
  324353
  284022
  250656
  222581
  196626
  174561
  154857
  137137
  121793
  107770
   95530
   84561
   75153
   65724
   58327
   52129
   45571
   40232
   35295
   31205
   27387
   23890
   21288
   18545
   16221
   14355
   12854
   11129
    9735
    8596
    7845
    6811
    6062
    5383
    4888
    4296
    3897
    3360
    3109
    2735
    2599
    2294
    2103
    1958
    1784
    1662
    1520
    1440
    1352
    1272
    1171
    1125
    1098
    1021
     955
     963
     884
     866
     813
     731
     791
     696
     691
     676
     635
     624
     613
     624
     591
     575
     550
     532
     534
     478
     477
     455
     462
     460
     495
     442
     417
     451
     414
     421
     379
     364
     378
     362
     343
     347
     354
     339
     317
     305
     281
     311
     315
     300
     315
     271
     255
     269
     274
     282
     264
     244
     264
     247
     226
     245
     222
     261
     225
     205
     217
     214
     238
     207
     211
     200
     200
     195
     191
     178
     202
     177
     186
     199
     187
     173
     155
     179
     170
     157
     154
     168
     137
     150
     159
     157
     182
     133
     152
     176
     164
     169
     147
     141
     145
     133
     128
     118
     113
     111
     121
     113
     127
     126
     111
     118
     116
     131
     117
     120
     126
     113
     114
     104
     115
      81
     106
     102
      95
      82
      68
      96
      82
     109
      89
     104
     103
      97
      87
      82
      73
      84
      69
      78
     100
      84
      73
      72
     108
      75
      98
      66
      92
      92
      77
      68
      59
      78
      74
      76
      65
      71
      61
      95
      68
      64
      78
      69
      75
      67
      65
      81
      72
      72
      71
      68
      55
      75
      67
      60
      56
      62
      58
      70
      59
      74
      55
      68
      45
      57
      75
      59
      57
      63
      54
      45
      47
      58
      58
      57
      60
      46
      49
      57
      46
      40
      43
      40
      45
      54
      45
      46
      53
      40
      50
      43
      53
      37
      54
      41
      41
      44
      47
      52
      31
      40
      36
      41
      44
      49
      44
      43
      31
      41
      42
      50
      41
      32
      41
      39
      49
      31
      44
      39
      32
      36
      29
      46
      40
      28
      33
      50
      43
      39
      23
      39
      28
      37
      27
      38
      33
      32
      21
      32
      32
      29
      35
      48
      30
      29
      40
      31
      39
      27
      42
      32
      22
      37
      38
      27
      27
      28
      32
      39
      27
      38
      29
      26
      40
      36
      24
      30
      30
      30
      30
      22
      21
      30
      24
      28
      32
      22
      33
      24
      31
      21
      21
      31
      25
      26
      21
      23
      31
      30
      30
      29
      26
      26
      24
      26
      20
      17
      25
      16
      16
      28
      26
      27
      28
      23
      16
      27
      17
      21
      24
      16
      23
      22
      18
      18
      27
      22
      24
      22
      17
      19
      34
      19
      23
      22
      16
      21
      14
      19
      20
      31
      25
      28
      19
      20
      19
      25
      13
      20
      19
      11
      20
      28
      18
      18
      24
      20
      15
      21
      22
      19
      21
      20
      20
      18
      15
      11
      16
      18
      18
      20
      12
      11
      21
       9
      23
      25
      18
      26
      17
      19
      17
      22
      21
      17
      11
       9
      20
      15
      13
      21
      23
      19
      31
      25
      19
      16
      15
      15
      15
      17
      16
      19
      17
      13
      11
       7
      16
      21
      13
      15
      12
      14
      12
      18
      11
      13
      16
      18
      15
      19
      14
      12
      15
      17
      14
      17
       9
      14
      10
       9
      16
      12
      11
       7
      10
      17
       8
      19
       9
       9
      17
      19
      14
      13
      13
      13
      17
       9
      13
      14
      10
      19
      16
      12
       8
      11
      11
      11
      11
       7
       8
      13
      13
      11
       7
      11
      12
      14
      12
      14
      13
      10
      11
      17
      10
      16
      12
      13
       7
       9
       7
      10
      10
       6
      13
      12
      10
      17
       9
      14
      10
      15
      11
      15
       8
      11
      13
      15
      11
      11
       9
      13
      14
      12
       8
      10
       4
      13
      12
       4
       9
       6
       8
      10
      10
      14
      10
       9
      13
      14
      13
      18
       7
       9
      12
       9
      11
      13
       8
       9
      10
      13
      11
      11
      11
       6
       9
       6
       8
      10
      11
       7
       6
      14
      10
      19
      10
       8
       9
      12
       7
       8
      11
       4
      13
       4
      11
      11
       7
       9
       7
       3
       5
       6
       7
       6
       8
      13
       7
       9
       9
       6
       8
      10
       8
       6
      13
       3
      10
      10
       6
       7
       8
       5
      11
      10
      13
       7
       7
       6
      13
       6
       7
       2
       4
       9
       7
       8
       6
       5
      10
       7
       8
       9
       7
      12
       9
       5
       7
       6
       3
       8
       2
       5
       5
      11
       8
       8
      10
       3
       6
       4
       7
       9
       4
       6
       8
       6
       7
       7
       6
       6
       8
       5
      10
       7
       7
       8
      10
       7
       4
       1
       6
       6
       9
       8
       4
       7
       6
       6
       6
       9
       7
       1
       7
       6
       4
       8
       5
       8
      11
       7
       2
       7
       4
       5
       3
       7
       8
       6
       3
       4
       7
       6
       5
      11
       5
       3
       6
       2
       5
       1
       5
       7
       7
       5
       5
       8
       0
       6
       9
       4
       3
       3
       1
       5
       8
       3
       8
       8
       1
       4
       7
       4
       6
       2
       6
      11
       2
       6
       5
       4
       3
       4
       6
       1
       4
       5
       5
       5
       6
       6
       5
       3
       6
       5
       8
       2
       1
       6
       5
       7
       6
       4
       6
       4
       1
       6
       5
       5
       4
       4
       4
       5
       7
       8
       1
       5
       3
       4
       8
       2
       8
       6
       4
       7
       6
       2
       4
       1
       4
       4
      10
       9
       4
       4
       7
       3
       6
       2
       4
       7
       4
       1
       3
       2
       2
       7
       4
       8
       3
       7
       2
       9
       2
       5
       1
      10
       7
       3
       4
       3
       4
       4
       2
       7
       4
       3
       0
       3
       4
       4
       3
       8
       5
       1
       5
       4
       2
       4
       1
       3
       9
       4
       4
       5
       4
       3
       1
       3
       2
       2
       2
       5
       6
       7
       2
       6
       6
      10
       4
       4
       3
       1
       5
       2
       4
       2
       1
       3
       5
       5
       5
       2
       2
       6
       4
       6
       8
       4
       6
       5
       3
       2
       4
       4
       7
       3
       4
       4
       3
       5
       3
       6
       3
       8
       4
       4
       4
       3
       6
       3
       6
       4
       2
       3
       0
       3
       1
       4
       3
       4
       5
       7
       1
       2
       3
       5
       6
       6
       4
       2
       1
       1
       3
       1
       2
       2
       2
       4
       4
       5
       4
       1
       2
       1
       7
       2
       4
       5
       5
       4
       2
       4
       0
       4
       3
       2
       7
       1
       5
       5
       5
       3
       7
       4
       4
       2
       2
       1
       5
       2
       8
       4
       2
       2
       1
       5
       3
       6
       1
       1
       0
       2
       1
       4
       5
       4
       5
       0
       2
       7
       2
       3
       6
       2
       1
       4
       2
       3
       5
       2
       2
       2
       1
       3
       1
       1
       1
       3
       3
       5
       2
       7
       4
       0
       4
       5
       2
       2
       1
       2
       3
       2
       1
       1
       3
       1
       3
       3
       4
       3
       5
       0
       3
       3
       1
       2
       3
       3
       1
       3
       3
       4
       2
       1
       4
       1
       1
       4
       2
       3
       2
       2
       1
       1
       2
       2
       4
       1
       4
       3
       2
       4
       4
       3
       5
       2
       2
       1
       4
       2
       1
       6
       5
       1
       3
       3
       4
       1
       3
       3
       1
       0
       0
       2
       3
       1
       2
       1
       2
       2
       1
       4
       3
       1
       2
       2
       2
       4
       3
       2
       0
       2
       1
       4
       3
       0
       3
       2
       4
       3
       5
       1
       3
       1
       7
       1
       4
       5
       0
       2
       1
       0
       2
       1
       1
       4
       0
       3
       2
       2
       0
       2
       0
       2
       3
       2
       0
       1
       5
       3
       1
       1
       1
       1
       0
       5
       3
       1
       2
       0
       2
       0
       3
       1
       3
       1
       3
       4
       2
       1
       2
       3
       2
       0
       3
       3
       3
       2
       1
       1
       0
       2
       0
       2
       1
       3
       3
       4
       3
       3
       2
       1
       3
       1
       5
       0
       1
       2
       3
       3
       1
       3
       2
       3
       1
       2
       1
       2
       3
       2
       2
       3
       6
       0
       1
       4
       1
       2
       0
       3
       1
       1
       3
       2
       0
       3
       0
       3
       3
       0
       2
       2
       1
       0
       1
       2
       1
       2
       2
       2
       1
       3
       2
       0
       0
       2
       2
       2
       3
       3
       4
       5
       2
       1
       4
       5
       5
       0
       0
       2
       4
       6
       1
       1
       3
       2
       3
       2
       2
       4
       3
       1
       0
       1
       4
       6
       4
       2
       2
       0
       1
       3
       0
       1
       3
       2
       2
       0
       3
       3
       0
       3
       1
       1
       2
       2
       2
       1
       0
       1
       1
       4
       4
       1
       1
       1
       1
       2
       2
       2
       6
       2
       4
       1
       3
       1
       1
       1
       3
       1
       1
       4
       1
       1
       4
       2
       1
       0
       1
       1
       0
       2
       2
       0
       1
       1
       1
       2
       1
       3
       2
       3
       0
       0
       0
       0
       4
       2
       0
       3
       1
       0
       2
       2
       1
       0
       0
       5
       3
       2
       0
       1
       0
       3
       1
       0
       0
       0
       3
       3
       0
       1
       2
       1
       4
       2
       2
       4
       0
       1
       0
       0
       3
       1
       2
       0
       3
       1
       1
       3
       3
       1
       0
       2
       5
       1
       3
       3
       2
       0
       0
       2
       1
       1
       1
       2
       2
       0
       2
       1
       0
       2
       1
       2
       2
       0
       3
       2
       3
       2
       2
       1
       2
       0
       1
       1
       3
       1
       2
       0
       1
       3
       0
       1
       1
       1
       1
       1
       2
       1
       2
       2
       1
       5
       3
       1
       1
       3
       2
       3
       3
       1
       1
       1
       3
       1
       1
       1
       2
       0
       1
       0
       0
       1
       0
       2
       2
       2
       2
       1
       2
       0
       2
       0
       2
       4
       1
       1
       0
       2
       0
       0
       1
       0
       1
       0
       1
       1
       4
       0
       2
       0
       2
       0
       1
       2
       1
       1
       1
       1
       2
       0
       2
       2
       1
       3
       1
       3
       2
       3
       2
       4
       2
       0
       2
       0
       0
       1
       3
       1
       1
       1
       6
       1
       1
       3
       1
       3
       3
       1
       2
       0
       1
       1
       2
       1
       0
       1
       2
       1
       2
       1
       3
       0
       1
       0
       1
       0
       0
       0
       1
       3
       2
       1
       2
       2
       3
       1
       3
       2
       1
       2
       3
       1
       0
       0
       0
       0
       0
       0
       2
       1
       0
       0
       1
       1
       2
       1
       2
       3
       1
       2
       1
       2
       3
       2
       3
       0
       1
       2
       1
       0
       1
       3
       2
       2
       1
       1
       2
       2
       0
       1
       0
       0
       0
       1
       2
       1
       0
       0
       1
       1
       1
       0
       0
       0
       1
       1
       1
       1
       3
       1
       2
       0
       1
       2
       1
       3
       0
       1
       1
       0
       0
       1
       1
       2
       3
       1
       1
       1
       2
       1
       1
       3
       0
       1
       1
       3
       3
       3
       2
       4
       2
       3
       2
       2
       1
       2
       1
       1
       5
       0
       0
       4
       1
       1
       0
       5
       0
       3
       0
       3
       4
       2
       1
       1
       1
       0
       1
       1
       3
       1
       3
       2
       1
       0
       2
       0
       3
       4
       0
       2
       4
       1
       0
       0
       0
       1
       4
       1
       3
       1
       0
       2
       2
       0
       1
       1
       0
       2
       2
       0
       1
       3
       0
       2
       1
       1
       3
       2
       3
       1
       1
       0
       0
       2
       1
       0
       1
       1
       1
       2
       0
       0
       1
       1
       1
       1
       0
       0
       3
       1
       2
       3
       2
       0
       2
       1
       4
       0
       1
       1
       2
       0
       0
       0
       0
       1
       2
       1
       1
       3
       1
       1
       1
       1
       2
       0
       0
       2
       2
       2
       2
       1
       0
       1
       1
       0
       0
       1
       2
       4
       1
       0
       1
       1
       1
       1
       1
       1
       1
       0
       1
       1
       0
       0
       0
       2
       2
       3
       3
       0
       0
       2
       0
       1
       0
       1
       1
       1
       1
       0
       0
       0
       1
       1
       0
       0
       1
       2
       0
       1
       2
       2
       1
       1
       1
       0
       2
       0
       1
       1
       3
       1
       1
       1
       1
       0
       2
       0
       1
       3
       0
       1
       2
       1
       2
       0
       2
       1
       4
       1
       0
       1
       0
       2
       1
       1
       2
       3
       0
       1
       0
       1
       0
       1
       1
       0
       0
       0
       1
       1
       0
       2
       0
       2
       1
       0
       1
       2
       0
       1
       2
       2
       1
       0
       1
       2
       0
       1
       0
       0
       0
       1
       0
       1
       1
       0
       1
       4
       2
       3
       1
       0
       2
       2
       2
       2
       0
       0
       2
       1
       3
       1
       0
       0
       0
       0
       1
       0
       0
       0
       2
       1
       1
       2
       0
       0
       1
       2
       2
       4
       2
       2
       0
       2
       0
       0
       0
       0
       2
       1
       1
       0
       0
       1
       0
       2
       0
       1
       2
       1
       2
       2
       3
       0
       2
       0
       1
       1
       0
       1
       0
       2
       1
       2
       2
       1
       0
       0
       1
       0
       1
       2
       1
       0
       1
       0
       1
       1
       1
       1
       0
       1
       0
       3
       0
       0
       1
       2
       2
       1
       1
       0
       1
       3
       1
       1
       0
       1
       0
       2
       1
       0
       1
       0
       0
       0
       0
       0
       0
       2
       0
       4
       1
       0
       3
       1
       2
       0
       1
       0
       1
       2
       1
       2
       1
       1
       0
       0
       1
       1
       1
       0
       1
       1
       0
       0
       0
       1
       1
       1
       3
       0
       1
       0
       3
       0
       2
       1
       0
       1
       0
       0
       1
       0
       0
       0
       1
       1
       1
       0
       0
       1
       2
       1
       2
       0
       0
       0
       3
       0
       0
       0
       1
       1
       0
       0
       0
       1
       0
       1
       2
       0
       1
       0
       1
       1
       3
       0
       1
       1
       1
       1
       0
       1
       2
       0
       0
       0
       0
       0
       1
       1
       0
       0
       0
       1
       1
       1
       1
       1
       1
       2
       2
       1
       1
       0
       1
       0
       0
       0
       1
       0
       1
       1
       0
       0
       1
       0
       0
       1
       0
       0
       2
       0
       2
       2
       0
       0
       0
       0
       0
       1
       0
       1
       2
       0
       2
       0
       1
       1
       1
       1
       0
       1
       1
       2
       1
       0
       2
       0
       2
       0
       0
       1
       2
       2
       1
       2
       0
       0
       3
       0
       0
       0
       0
       0
       2
       1
       0
       1
       0
       0
       0
       1
       2
       2
       3
       0
       2
       1
       1
       0
       2
       0
       2
       1
       0
       0
       1
       1
       0
       1
       1
       0
       1
       1
       0
       0
       0
       0
       1
       0
       0
       0
       1
       1
       0
       1
       0
       0
       0
       2
       0
       0
       0
       1
       0
       0
       1
       1
       1
       0
       0
       0
       0
       2
       2
       0
       0
       2
       0
       0
       2
       2
       2
       0
       1
       0
       0
       0
       0
       0
       0
       3
       0
       1
       0
       0
       0
       3
       0
       0
       1
       0
       0
       2
       0
       1
       0
       0
       0
       1
       3
       0
       0
       0
       1
       1
       1
       0
       1
       1
       2
       1
       1
       1
       0
       2
       0
       0
       1
       1
       1
       1
       1
       1
       1
       0
       0
       0
       0
       1
       0
       1
       0
       1
       1
       0
       0
       2
       0
       0
       0
       0
       0
       0
       0
       0
       0
       0
       0
       0
       0
       0
       0
       1
       2
       0
       1
       1
       0
       0
       1
       1
       0
       0
       0
       2
       0
       1
       1
       0
       0
       0
       0
       0
       1
       1
       1
       1
       0
       0
       0
       0
       0
       0
       0
       2
       0
       1
       0
       0
       0
       1
       0
       0
       0
       0
       1
       0
       0
       1
       0
       0
       0
       1
       0
       0
       0
       1
       1
       0
       0
       1
       1
       0
       0
       0
       1
       0
       0
       2
       1
       0
       0
       0
       0
       0
       0
       0
       1
       0
       1
       0
       0
       1
       2
       0
       1
       0
       0
       1
       0
       1
       0
       1
       2
       1
       0
       0
       1
       1
       1
       1
       1
       0
       1
       0
       0
       0
       0
       2
       1
       0
       0
       0
       0
       1
       2
       0
       2
       0
       0
       1
       0
       0
       0
       0
       0
       0
       0
       1
       0
       0
       1
       0
       2
       1
       2
       0
       0
       1
       0
       0
       0
       1
       0
       1
       1
       0
       0
       1
       1
       0
       0
       0
       1
       0
       2
       0
       0
       0
       1
       0
       0
       0
       1
       1
       0
       0
       0
       0
       0
       0
       0
       0
       0
       0
       1
       0
       1
       0
       0
       0
       1
       0
       0
       0
       0
       1
       0
       0
       1
       1
       0
       0
       0
       0
       1
       2
       0
       1
       0
       1
       0
       0
       0
       0
       0
       0
       1
       0
       0
       0
       0
       1
       1
       0
       0
       0
       1
       0
       1
       2
       0
       1
       0
       0
       0
       2
       0
       0
       0
       0
       0
       0
       0
       1
       0
       0
       1
       0
       0
       0
       2
       1
       0
       1
       0
       1
       0
       1
       0
       0
       1
       0
       1
       2
       0
       1
       0
       0
       0
       0
       0
       1
       0
       1
       1
       1
       0
       0
       0
       0
       0
       0
       1
       1
       0
       0
       0
       0
       1
       0
       0
       0
       0
       0
       0
       0
       0
       0
       1
       0
       1
       0
       1
       0
       0
       0
       1
       1
       0
       1
       0
       1
       1
       0
       0
       0
       1
       0
       0
       1
       1
       1
       0
       1
       0
       0
       0
       1
       1
       2
       0
       1
       1
       0
       1
       2
       2
       1
       0
       0
       0
       0
       0
       1
       0
       0
       0
       0
       1
       1
       0
       0
       0
       1
       0
       0
       2
       0
       2
       1
       3
       0
       1
       1
       1
       1
       1
       0
       1
       0
       0
       1
       0
       1
       0
       0
       0
       1
       0
       0
       0
       0
       1
       0
       0
       0
       0
       0
       1
       0
       1
       0
       0
       0
       0
       1
       0
       1
       0
       0
       0
       0
       0
       0
       0
       0
       0
       0
       0
       2
       1
       0
       0
       0
       0
       0
       0
       0
       0
       0
       0
       0
       0
       0
       0
       1
       2
       0
       0
       0
       0
       1
       0
       0
       0
       0
       1
       0
       1
       1
       0
       1
       0
       1
       0
       0
       0
       0
       1
       0
       0
       2
       2
       1
       0
       0
       1
       0
       0
       0
       0
       0
       0
       0
       0
       1
       0
       1
       0
       0
       1
       0
       0
       0
       0
       0
       0
       0
       0
       1
       1
       0
       0
       1
       1
       0
       0
       0
       0
       0
       0
       1
       0
       0
       0
       0
       0
       0
       0
       1
       0
       0
       0
       0
       0
       1
       1
       0
       0
       1
       1
       0
       1
       0
       0
       1
       0
       2
       0
       1
       1
       0
       0
       1
       0
       0
       0
       0
       0
       0
       0
       0
       0
       0
       1
       0
       0
       0
       1
       1
       0
       0
       0
       1
       1
       0
       1
       0
       0
       1
       0
       0
       0
       1
       1
       1
       0
       1
       0
       0
       0
       0
       0
       0
       1
       0
       0
       1
       0
       0
       0
       1
       0
       0
       0
       0
       0
       0
       0
       0
       1
       0
       0
       0
       1
       1
       0
       0
       0
       0
       1
       0
       1
       1
       0
       0
       0
       1
       0
       0
       0
       0
       0
       1
       1
       0
       1
       0
       0
       0
       0
       0
       0
       0
       0
       0
       0
       0
       0
       0
       2
       0
       0
       0
       0
       2
       0
       0
       0
       1
       0
       0
       1
       2
       0
       1
       0
       0
       0
       0
       1
       1
       0
       1
       0
       1
       0
       1
       0
       0
       0
       1
       1
       0
       0
       0
       0
       0
       0
       0
       1
       0
       0
       1
       0
       0
       0
       0
       1
       1
       0
       1
       1
       0
       0
       0
       0
       0
       0
       0
       2
       0
       0
       0
       1
       0
       0
       0
       0
       1
       1
       1
       0
       0
       0
       0
       0
       0
       0
       0
       1
       0
       1
       0
       0
       0
       0
       0
       0
       1
       0
       0
       0
       0
       0
       0
       0
       0
       0
       0
       0
       0
       0
       0
       1
       1
       0
       0
       0
       0
       0
       1
       0
       2
       1
       0
       0
       2
       1
       0
       0
       0
       0
       0
       1
       0
       0
       0
       1
       0
       0
       0
       0
       1
       0
       0
       0
       0
       0
       0
       0
       1
       0
       0
       0
       1
       1
       0
       1
       0
       2
       0
       0
       0
       0
       0
       0
       1
       0
       0
       0
       0
       0
       1
       0
       0
       0
       0
       0
       0
       0
       0
       0
       0
       1
       0
       0
       0
       0
       0
       0
       1
       2
       0
       1
       0
       0
       0
       2
       0
       0
       0
       0
       0
       0
       1
       0
       0
       2
       0
       0
       0
       0
       0
       0
       0
       1
       0
       0
       0
       0
       0
       0
       0
       0
       0
       0
       1
       0
       1
       0
       0
       0
       0
       1
       0
       0
       0
       1
       0
       0
       0
       1
       0
       0
       0
       0
       0
       1
       2
       0
       0
       1
       0
       1
       0
       1
       0
       1
       0
       0
       0
       0
       0
       0
       0
       0
       1
       0
       1
       0
       0
       1
       0
       0
       0
       0
       0
       0
       0
       0
       0
       0
       0
       0
       0
       0
       0
       0
       0
       0
       0
       0
       0
       0
       1
       1
       0
       1
       0
       0
       0
       0
       0
       0
       0
       0
       1
       0
       0
       0
       0
       0
       0
       1
       0
       0
       0
       1
       0
       0
       0
       0
       0
       0
       0
       2
       0
       0
       0
       0
       0
       0
       0
       0
       0
       0
       0
       0
       0
       0
       0
       0
       0
       0
       0
       0
       0
       0
       0
       1
       0
       0
       1
       0
       0
       1
       0
       0
       0
       0
       0
       0
       0
       0
       0
       0
       0
       0
       0
       0
       0
       0
       0
       1
       0
       0
       0
       0
       1
       0
       0
       0
       0
       0
       0
       0
       1
       1
       0
       1
       1
       1
       0
       0
       0
       0
       0
       0
       0
       1
       0
       1
       0
       0
       2
       2
       0
       0
       0
       0
       0
       1
       0
       0
       0
       0
       0
       0
       0
       0
       0
       0
       0
       0
       0
       0
       0
       0
       2
       0
       0
       0
       0
       0
       1
       0
       0
       0
       0
       1
       0
       1
       0
       0
       0
       0
       1
       0
       0
       0
       0
       0
       0
       0
       0
       0
       0
       0
       1
       2
       0
       1
       1
       2
       0
       0
       1
       0
       0
       0
       0
       0
       0
       0
       0
       0
       0
       0
       0
       0
       1
       0
       0
       1
       2
       0
       2
       0
       0
       0
       0
       0
       0
       0
       0
       1
       0
       0
       0
       0
       0
       0
       0
       0
       1
       1
       0
       1
       1
       0
       0
       0
       0
       0
       1
       0
       2
       1
       1
       0
       1
       0
       0
       0
       0
       0
       0
       0
       0
       0
       0
       0
       0
       0
       0
       0
       1
       0
       0
       0
       0
       0
       0
       1
       0
       0
       1
       0
       0
       0
       0
       0
       0
       0
       1
       1
       0
       2
       0
       0
       2
       0
       0
       1
       1
       0
       0
       0
       0
       0
       0
       0
       1
       2
       0
       2
       1
       0
       0
       1
       0
       0
       0
       1
       1
       2
       0
       0
       0
       1
       0
       0
       1
       0
       2
       1
       0
       0
       1
       0
       0
       0
       0
       0
       0
       1
       0
       0
       0
       1
       0
       1
       0
       2
       0
       0
       2
       0
       0
       0
       1
       0
       2
       0
       0
       0
       6
       1
       1
       1
       0
       1
       0
       1
       1
       0
       1
       1
       2
       1
       3
       0
       0
       0
       0
       1
       0
       0
       0
       0
       0
       1
       0
       1
       1
       0
       0
       1
       0
       0
       2
       0
       0
       2
       3
       1
       1
       2
       1
       0
       0
       0
       1
       1
       1
       1
       2
       2
       2
       0
       1
       1
       1
       0
       0
       1
       1
       1
       3
       0
       1
       0
       0
       4
       0
       4
       2
       1
       2
       2
       1
       2
       1
       1
       5
       5
       3
       1
       7
       1
       2
       3
       4
       3
       4
       3
       5
       4
       3
       3
       9
      11
      11
      16
       9
       7
       2
       1
       0
       0
       0
       0
       0
       0
       0
       0
       0
       0
       0
       0
       0
       0
       0
       0
       0
       0
       0
       0
       0
       0
       0
       0
       0
       0
       0
       0
       0
       0
       0
       0
       0
       0
       0
       0
       0
       0
       0
       0
       0
       0
       0
       0
       0
       0
       0
       0
       0
       0
       0
       0
       0
       0
       0
       0
       0
       0
       0
       0
       0
       0
       0
       0
       0
       0
       0
       0
       0
       0
       0
       0
       0
       0
       0
       0
       0
       0
       0
       0
       0
       0
       0
       0
       0
       0
       0
       0
       0
       0
       0
       0
       0
       0
       0
       0
       0
       0
       0
       0
       0
       0
       0
       0
       0
       0
       0
       0
       0
       0
       0
       0
       0
       0
       0
       0
       0
       0
       0
       0
       0
       0
       0
       0
       0
       0
       0
       0
       0
       0
       0
       0
       0
       0
       0
       0
       0
       0
       0
       0
       0
       0
       0
       0
       0
       0
       0
       0
       0
       0
       0
       0
       0
       0
       0
       0
       0
       0
       0
       0
       0
       0
       0
       0
       0
       0
       0
       0
       0
       0
       0
       0
       0
       0
       0
       0
       0
       0
       0
       0
       0
       0
       0
       0
       0
       0
       0
       0
       0
       0
       0
       0
       0
       0
       0
       0
       0
       0
       0
       0
       0
       0
       0
       0
       0
       0
       0
       0
       0
       0
       0
       0
       0
       0
       0
       0
       0
       0
       0
       0
       0
       0
       0
       0
       0
       0
       0
       0
       0
       0
       0
       0
       0
       0
       0
       0
       0
       0
       0
       0
       0
       0
       0
       0
       0
       0
       0
       0
       0
       0
       0
       0
       0
       0
       0
       0
       0
       0
       0
       0
       0
       0
       0
       0
       0
       0
       0
       0
       0
       0
       0
       0
       0
       0
       0
       0
       0
       0
       0
       0
       0
       0
       0
       0
       0
       0
       0
       0
       0
       0
       0
       0
       0
       0
       0
       0
       0
       0
       0
       0
       0
       0
       0
       0
       0
       0
       0
       0
       0
       0
       0
       0
       0
       0
       0
       0
       0
       0
       0
       0
       0
       0
       0
       0
       0
       0
       0
       0
       0
       0
       0
       0
       0
       0
       0
       0
       0
       0
       0
       0
       0
       0
       0
       0
       0
       0
       0
       0
       0
       0
       0
       0
       0
       0
       0
       0
       0
       0
       0
       0
       0
       0
       0
       0
       0
       0
       0
       0
       0
       0
       0
       0
       0
       0
       0
       0
       0
       0
       0
       0
       0
       0
       0
       0
       0
       0
       0
       0
       0
       0
       0
       0
       0
       0
       0
       0
       0
       0
       0
       0
       0
       0
$ROI:
3
5 213
215 1972
4034 4072
$PRESETS:
None
0
0
$ENER_FIT:
0.000000 0.000000
$MCA_CAL:
3
0.000000E+000 0.000000E+000 0.000000E+000 
$SHAPE_CAL:
3
0.000000E+000 0.000000E+000 0.000000E+000
