$SPEC_ID:
Silicon
$SPEC_REM:
DET# 3
DETDESC# 78-GP-NB0025 Model 928 SN 15355078
AP# Maestro Version 7.01
$DATE_MEA:
03/13/2024 21:50:27
$MEAS_TIM:
389 467
$DATA:
0 4095
       0
       0
       0
       0
       0
       0
       0
       0
       0
       0
       1
   73618
 3599757
 1913335
 1178259
 1044720
  929079
  784338
  648490
  544851
  469667
  408757
  354722
  308772
  268730
  235584
  206236
  181330
  158625
  140355
  124106
  110156
   97853
   86175
   77140
   68134
   60442
   53359
   47601
   41953
   37272
   32971
   28739
   25583
   22596
   19853
   17566
   15347
   13485
   11852
   10432
    9123
    8066
    7040
    6168
    5507
    4875
    4138
    3782
    3357
    2996
    2470
    2399
    2130
    1990
    1717
    1545
    1448
    1308
    1185
    1142
    1040
     907
     866
     808
     759
     712
     676
     634
     611
     595
     519
     504
     466
     454
     434
     386
     431
     418
     394
     366
     364
     376
     373
     324
     332
     341
     325
     330
     304
     259
     253
     231
     255
     286
     256
     236
     259
     220
     245
     253
     217
     176
     201
     185
     200
     186
     196
     166
     201
     161
     162
     186
     143
     170
     144
     174
     162
     146
     142
     160
     142
     128
     114
     136
     151
     118
     129
     146
     136
     127
     143
     109
     114
     114
     113
     110
     127
     112
     111
      95
     108
     100
      97
      97
     117
     109
      92
     103
      86
      85
      94
      88
      91
     100
      77
      69
      76
      72
      70
      79
      96
      74
      87
      81
      76
      68
      89
      66
      60
      72
      65
      71
      65
      66
      65
      66
      66
      65
      60
      61
      69
      64
      68
      61
      61
      57
      69
      65
      52
      57
      51
      55
      42
      45
      46
      59
      52
      46
      51
      61
      48
      42
      38
      47
      57
      52
      43
      38
      59
      54
      45
      39
      53
      41
      35
      45
      58
      46
      41
      38
      37
      46
      36
      45
      27
      43
      37
      48
      42
      37
      38
      46
      40
      25
      47
      39
      30
      49
      30
      34
      40
      33
      35
      31
      34
      30
      31
      25
      28
      17
      29
      44
      40
      31
      29
      34
      29
      25
      29
      27
      37
      28
      27
      36
      26
      31
      41
      28
      29
      29
      25
      26
      29
      33
      20
      29
      30
      19
      29
      23
      14
      27
      31
      29
      23
      15
      22
      27
      14
      21
      19
      24
      21
      25
      17
      21
      29
      20
      26
      11
      18
      17
      17
      19
      21
      22
      24
      22
      24
      23
      19
      22
      20
      27
      21
      10
      18
      16
      16
      17
      21
      17
      19
      20
      12
      14
      19
      16
      20
      19
      12
      17
      22
      20
      20
      14
      18
      13
      22
      14
      21
      17
      20
      12
      13
      13
      12
      16
      17
      10
      16
      17
      23
      16
      21
      17
      17
      16
      15
      19
       7
      13
      11
      12
      15
      16
      14
      12
      14
      18
      17
      19
      10
       9
      20
      17
      18
       8
      15
       9
      15
       8
      16
      19
      17
      11
       7
      12
      14
      16
      19
       3
      16
      13
      15
       5
      13
      10
      11
      15
      10
      17
      13
      12
      12
      12
      16
      14
      10
      11
      19
      10
       9
      16
       9
      11
      14
       8
       9
      10
      10
      10
      11
       9
      13
      14
      11
       8
      10
       8
      13
      17
      12
       9
      16
      10
       8
      14
      10
       7
      12
      16
      10
      19
      10
      13
       5
       9
       7
       9
      13
      12
       7
       9
      12
       6
       7
       9
       6
      13
      11
       6
       7
      15
       6
       7
      10
       7
       8
       7
      11
      12
       6
      11
      10
       3
       6
       8
       6
       7
      12
       9
      12
       5
       7
       7
       9
       6
      10
      11
       6
      12
       7
      11
      13
      14
       7
      10
       8
       5
       9
       5
      13
       5
      13
      10
       5
       6
      12
       3
       5
       9
       8
       8
      11
       5
       3
       2
       8
       6
       7
       2
       6
       7
       6
       0
      10
       4
       9
      10
       4
       7
       9
      13
      12
      11
       6
       8
      14
       4
       7
       6
       2
       8
      12
      10
       5
       9
       8
       4
      11
       8
      11
       5
       5
       5
       4
       4
       3
       7
      10
       9
      13
       8
       5
       8
       4
       6
       3
       8
       8
       6
       8
       7
       7
       9
       7
       2
       8
       4
       6
       5
       5
       3
       4
       5
       5
       6
       3
       5
       2
       7
       1
       7
       9
       6
       6
       2
       8
      11
       3
       5
       5
       6
       7
       8
       7
       1
       3
       5
      12
       5
       8
       3
       8
       5
       6
       8
       5
       5
       8
       4
       3
       6
       4
       3
       7
       8
       8
       4
       3
       3
       8
       5
       7
       7
       3
       4
       5
       9
       3
       2
       7
       6
       6
       7
       1
       6
       0
       4
       3
       9
       6
       7
       9
       5
       6
       1
       5
       5
       4
       3
       5
       4
       4
       3
       2
       9
       4
       6
       2
       6
       4
       4
       6
       2
       2
       5
       7
       5
       3
       6
       5
       5
       1
       4
       5
       3
       3
       4
       4
       4
       5
       3
       5
       3
       3
       7
       4
       1
       3
       2
       2
       2
       1
       1
       8
       1
       3
       6
       7
       0
       3
       4
       3
       5
       4
       4
       6
       6
       2
       3
       2
       3
       2
       4
       1
       6
       2
       4
       5
       1
       2
       3
       3
       4
       5
       1
       6
       0
       5
       5
       3
       1
       1
       5
       4
       1
       8
       5
       4
       4
       1
       4
       2
       3
       4
       5
       4
       2
       4
       3
       2
       4
       3
       1
       1
       4
       3
       4
       3
       5
       4
       5
       2
       1
       2
       3
       3
       2
       3
       2
       4
       5
       3
       2
       3
       2
       7
       0
       6
       2
       6
       2
       6
       4
       3
       0
       1
       6
       2
       2
       3
       1
       5
       4
       3
       6
       4
       4
       1
       1
       2
       2
       4
       1
       2
       2
       0
       0
       2
       3
       2
       0
       2
       0
       5
       2
       1
       1
       0
       3
       6
       2
       1
       2
       3
       2
       2
       2
       0
       3
       7
       5
       3
       3
       4
       4
       5
       6
       3
       3
       4
       1
       4
       2
       1
       0
       1
       4
       4
       0
       3
       1
       5
       1
       5
       2
       2
       1
       2
       3
       1
       2
       1
       6
       1
       3
       2
       0
       1
       4
       4
       3
       2
       4
       4
       0
       3
       3
       2
       3
       2
       2
       1
       0
       2
       3
       1
       4
       2
       2
       4
       2
       5
       4
       1
       4
       3
       4
       3
       2
       1
       1
       3
       2
       1
       0
       3
       1
       2
       1
       0
       2
       2
       1
       1
       0
       3
       2
       1
       0
       3
       1
       1
       0
       2
       5
       5
       0
       2
       3
       1
       4
       2
       1
       3
       0
       1
       0
       0
       6
       4
       2
       2
       4
       1
       1
       2
       1
       2
       2
       3
       3
       2
       2
       1
       2
       3
       2
       3
       2
       3
       0
       2
       1
       2
       1
       2
       1
       0
       2
       4
       4
       4
       3
       0
       3
       1
       4
       1
       3
       2
       1
       1
       2
       2
       4
       5
       2
       3
       2
       0
       4
       1
       1
       0
       1
       0
       1
       2
       0
       1
       1
       2
       3
       1
       0
       1
       0
       1
       0
       3
       3
       2
       1
       3
       3
       2
       2
       2
       3
       2
       2
       0
       2
       5
       1
       0
       0
       2
       1
       0
       3
       1
       5
       1
       0
       3
       1
       2
       0
       2
       3
       2
       0
       0
       2
       2
       0
       1
       2
       2
       2
       2
       0
       1
       1
       2
       1
       2
       1
       1
       1
       2
       1
       2
       1
       1
       2
       1
       1
       0
       2
       3
       1
       2
       2
       1
       1
       3
       2
       1
       0
       1
       1
       0
       3
       2
       1
       0
       2
       2
       1
       0
       1
       0
       0
       1
       0
       0
       2
       0
       3
       1
       0
       0
       3
       0
       2
       2
       0
       2
       0
       1
       1
       1
       1
       4
       0
       0
       3
       0
       1
       2
       0
       0
       3
       3
       2
       0
       2
       0
       1
       2
       2
       4
       0
       2
       3
       1
       2
       3
       1
       0
       2
       3
       1
       0
       3
       2
       1
       0
       1
       1
       1
       2
       1
       1
       3
       1
       1
       0
       1
       1
       1
       1
       2
       1
       0
       1
       1
       1
       1
       0
       2
       2
       0
       2
       0
       3
       1
       1
       3
       1
       0
       0
       0
       0
       1
       4
       0
       1
       3
       1
       0
       1
       2
       1
       0
       1
       3
       0
       4
       2
       2
       3
       0
       1
       1
       3
       1
       3
       0
       0
       1
       1
       1
       0
       4
       0
       2
       3
       1
       3
       2
       0
       0
       0
       1
       3
       0
       1
       2
       1
       1
       0
       2
       1
       3
       0
       0
       2
       0
       1
       0
       1
       0
       2
       2
       0
       0
       2
       0
       2
       0
       0
       1
       2
       2
       1
       2
       0
       1
       4
       4
       1
       0
       1
       1
       1
       0
       4
       1
       0
       1
       1
       2
       0
       3
       2
       0
       0
       0
       1
       3
       0
       1
       1
       0
       3
       1
       0
       2
       2
       0
       1
       1
       2
       2
       0
       1
       2
       0
       1
       0
       2
       0
       1
       0
       0
       0
       0
       2
       1
       0
       0
       1
       1
       1
       0
       0
       2
       0
       1
       0
       0
       0
       4
       2
       1
       1
       1
       1
       0
       1
       1
       1
       0
       0
       0
       1
       2
       1
       1
       1
       1
       0
       0
       0
       4
       3
       1
       1
       2
       1
       1
       1
       3
       0
       1
       0
       1
       1
       0
       2
       2
       1
       2
       1
       2
       2
       0
       2
       1
       0
       0
       1
       1
       1
       1
       0
       0
       1
       3
       2
       1
       1
       0
       3
       0
       2
       0
       1
       0
       0
       1
       1
       0
       0
       0
       1
       1
       0
       0
       1
       2
       3
       0
       3
       2
       2
       1
       0
       0
       0
       2
       2
       2
       1
       1
       1
       0
       1
       3
       1
       0
       1
       1
       0
       0
       1
       1
       1
       1
       0
       2
       1
       4
       0
       1
       0
       0
       1
       0
       0
       0
       1
       0
       2
       1
       2
       0
       0
       1
       1
       0
       0
       3
       2
       0
       0
       1
       2
       0
       0
       0
       2
       1
       0
       1
       2
       1
       0
       1
       0
       0
       0
       4
       0
       1
       0
       1
       0
       3
       3
       1
       2
       2
       0
       1
       0
       0
       0
       0
       0
       0
       0
       2
       0
       1
       0
       2
       2
       1
       0
       1
       0
       1
       2
       0
       0
       1
       2
       0
       2
       0
       0
       0
       0
       0
       1
       1
       0
       2
       1
       0
       1
       2
       1
       0
       0
       0
       0
       1
       3
       0
       1
       2
       1
       1
       2
       0
       0
       0
       2
       2
       0
       2
       0
       1
       0
       1
       0
       1
       0
       1
       1
       1
       0
       1
       0
       0
       2
       0
       0
       0
       1
       1
       1
       0
       0
       2
       1
       0
       0
       1
       0
       0
       0
       2
       0
       1
       0
       1
       1
       0
       0
       1
       1
       1
       0
       2
       0
       1
       1
       1
       1
       0
       4
       0
       0
       1
       1
       0
       0
       0
       0
       0
       1
       1
       1
       0
       0
       1
       0
       0
       1
       2
       1
       0
       0
       2
       2
       0
       1
       0
       0
       0
       0
       2
       0
       1
       0
       0
       1
       0
       1
       2
       0
       0
       1
       0
       1
       2
       1
       0
       1
       1
       2
       1
       0
       1
       0
       1
       0
       0
       0
       1
       0
       0
       0
       1
       0
       2
       1
       0
       1
       1
       1
       1
       0
       2
       0
       0
       0
       0
       1
       1
       1
       0
       2
       1
       2
       0
       0
       2
       0
       1
       1
       0
       2
       1
       0
       1
       0
       0
       0
       0
       2
       0
       0
       0
       0
       1
       1
       2
       0
       0
       0
       0
       0
       0
       0
       1
       2
       0
       0
       0
       0
       0
       0
       2
       1
       0
       1
       0
       0
       3
       0
       1
       0
       0
       1
       0
       0
       0
       0
       1
       1
       0
       0
       0
       0
       0
       0
       2
       0
       1
       1
       0
       1
       0
       1
       2
       0
       0
       1
       0
       0
       0
       1
       1
       1
       0
       1
       0
       0
       1
       0
       0
       0
       1
       1
       1
       1
       1
       1
       0
       1
       1
       3
       2
       0
       2
       0
       0
       1
       0
       1
       2
       0
       3
       1
       1
       3
       0
       0
       0
       3
       2
       0
       0
       1
       2
       0
       1
       1
       2
       0
       2
       0
       1
       1
       2
       1
       0
       0
       1
       0
       0
       0
       0
       0
       1
       0
       2
       0
       2
       0
       1
       0
       0
       2
       0
       1
       1
       1
       1
       1
       0
       0
       0
       1
       0
       0
       0
       2
       2
       1
       2
       0
       2
       0
       0
       1
       0
       0
       0
       1
       0
       0
       0
       0
       0
       1
       0
       0
       0
       0
       0
       0
       0
       2
       0
       0
       1
       0
       1
       1
       0
       1
       0
       0
       0
       2
       1
       0
       0
       0
       0
       1
       2
       1
       0
       0
       0
       1
       1
       0
       1
       1
       0
       0
       0
       1
       2
       0
       0
       0
       2
       2
       1
       0
       0
       0
       0
       0
       0
       1
       1
       2
       1
       1
       0
       1
       0
       1
       0
       1
       3
       0
       0
       0
       0
       0
       1
       0
       1
       1
       1
       1
       1
       2
       0
       0
       0
       0
       0
       0
       0
       0
       0
       1
       0
       0
       1
       0
       0
       0
       0
       1
       0
       0
       0
       0
       0
       1
       0
       0
       1
       0
       0
       1
       1
       0
       1
       1
       0
       0
       2
       2
       0
       1
       0
       1
       0
       0
       0
       0
       1
       1
       1
       0
       0
       1
       1
       0
       1
       2
       0
       0
       1
       0
       0
       2
       1
       0
       0
       1
       0
       2
       0
       0
       2
       0
       1
       1
       0
       0
       0
       0
       0
       0
       0
       1
       0
       0
       0
       0
       0
       0
       0
       0
       1
       0
       0
       0
       0
       1
       0
       0
       0
       0
       1
       1
       0
       1
       0
       0
       0
       1
       1
       0
       2
       0
       0
       0
       1
       0
       2
       1
       1
       1
       0
       1
       0
       0
       1
       1
       0
       0
       0
       0
       1
       1
       0
       2
       0
       1
       0
       0
       1
       0
       0
       0
       1
       1
       0
       0
       1
       0
       1
       0
       0
       0
       1
       1
       1
       0
       1
       1
       0
       1
       0
       1
       0
       0
       1
       0
       0
       0
       1
       0
       0
       2
       0
       0
       2
       0
       0
       1
       0
       0
       0
       0
       0
       1
       2
       0
       0
       3
       0
       0
       0
       0
       0
       1
       1
       0
       0
       0
       1
       0
       1
       1
       0
       0
       0
       1
       0
       0
       0
       0
       1
       0
       1
       2
       0
       0
       1
       0
       0
       1
       0
       0
       0
       1
       1
       0
       0
       0
       1
       0
       0
       0
       0
       1
       1
       0
       0
       0
       0
       1
       0
       0
       0
       0
       1
       0
       0
       0
       0
       0
       0
       0
       0
       0
       0
       1
       1
       0
       0
       0
       1
       1
       0
       1
       0
       0
       1
       0
       0
       0
       1
       1
       0
       1
       2
       0
       0
       1
       0
       0
       0
       0
       1
       0
       0
       0
       1
       1
       0
       0
       0
       1
       0
       0
       1
       1
       1
       0
       2
       1
       1
       1
       1
       0
       1
       0
       0
       0
       1
       0
       0
       0
       0
       1
       0
       0
       0
       0
       1
       0
       0
       1
       0
       0
       0
       1
       1
       0
       0
       1
       0
       0
       0
       1
       0
       0
       0
       1
       2
       1
       2
       0
       0
       2
       1
       0
       0
       0
       1
       0
       1
       0
       0
       0
       1
       0
       1
       0
       0
       0
       0
       0
       0
       0
       0
       0
       0
       0
       0
       0
       0
       0
       0
       0
       0
       0
       0
       3
       0
       0
       0
       0
       0
       0
       0
       0
       0
       0
       0
       0
       0
       0
       0
       0
       0
       0
       0
       0
       0
       0
       0
       0
       0
       0
       0
       0
       0
       1
       0
       0
       0
       0
       1
       1
       0
       1
       1
       0
       0
       1
       1
       3
       1
       0
       1
       0
       1
       0
       0
       0
       0
       0
       0
       0
       1
       2
       0
       1
       1
       0
       0
       1
       0
       1
       1
       0
       0
       1
       0
       0
       0
       0
       1
       1
       1
       0
       0
       0
       0
       0
       0
       0
       1
       0
       1
       1
       0
       0
       0
       1
       1
       0
       0
       1
       0
       1
       0
       0
       0
       0
       0
       0
       0
       0
       0
       0
       0
       0
       0
       0
       0
       0
       0
       1
       2
       0
       1
       0
       0
       0
       1
       0
       0
       0
       1
       0
       0
       1
       1
       0
       1
       1
       0
       1
       1
       0
       0
       0
       0
       1
       1
       0
       1
       0
       0
       0
       1
       0
       0
       0
       0
       0
       0
       0
       0
       0
       1
       0
       0
       0
       0
       1
       1
       0
       0
       0
       0
       0
       0
       0
       0
       0
       0
       0
       0
       0
       1
       1
       0
       0
       0
       0
       0
       1
       0
       0
       1
       0
       0
       0
       1
       0
       1
       0
       0
       1
       1
       0
       1
       0
       0
       0
       1
       0
       0
       0
       0
       0
       0
       0
       0
       0
       0
       0
       0
       0
       0
       0
       0
       0
       0
       1
       0
       0
       0
       0
       0
       0
       0
       0
       0
       1
       0
       1
       0
       0
       0
       0
       0
       0
       1
       0
       0
       0
       0
       0
       0
       1
       0
       0
       0
       0
       0
       0
       0
       0
       0
       0
       0
       0
       0
       0
       0
       0
       0
       0
       1
       0
       0
       1
       0
       0
       0
       1
       0
       1
       0
       0
       0
       0
       0
       0
       1
       0
       1
       1
       0
       0
       0
       0
       0
       0
       1
       2
       0
       0
       0
       0
       0
       0
       0
       0
       0
       0
       0
       0
       0
       0
       0
       0
       0
       0
       0
       0
       0
       0
       0
       1
       0
       0
       0
       0
       0
       0
       1
       0
       0
       0
       0
       0
       0
       0
       0
       1
       0
       0
       0
       0
       0
       1
       0
       0
       0
       0
       0
       2
       0
       0
       1
       0
       0
       0
       0
       0
       0
       0
       0
       0
       0
       0
       0
       0
       0
       1
       0
       0
       0
       0
       2
       0
       0
       0
       0
       0
       0
       0
       0
       1
       0
       0
       0
       0
       0
       0
       0
       0
       1
       1
       1
       0
       0
       1
       1
       1
       1
       0
       0
       0
       0
       0
       0
       1
       0
       1
       0
       0
       0
       0
       0
       0
       0
       0
       0
       0
       1
       0
       0
       0
       0
       1
       0
       0
       1
       0
       0
       0
       1
       0
       0
       0
       0
       0
       0
       0
       0
       1
       0
       0
       0
       0
       0
       0
       0
       0
       0
       0
       0
       0
       0
       0
       1
       0
       1
       0
       0
       0
       0
       0
       0
       0
       0
       0
       0
       0
       0
       0
       0
       1
       0
       1
       0
       0
       0
       0
       0
       1
       1
       0
       0
       0
       0
       0
       1
       0
       0
       0
       0
       1
       0
       0
       1
       0
       0
       0
       0
       0
       0
       1
       0
       0
       0
       0
       0
       0
       0
       0
       0
       0
       0
       1
       0
       0
       1
       1
       0
       0
       0
       0
       0
       0
       0
       0
       0
       0
       1
       0
       0
       1
       0
       0
       0
       0
       0
       0
       0
       0
       1
       0
       0
       0
       1
       0
       0
       0
       0
       0
       1
       0
       0
       0
       0
       0
       1
       0
       1
       0
       1
       0
       0
       2
       0
       0
       0
       0
       0
       0
       0
       0
       0
       0
       0
       1
       0
       0
       1
       0
       0
       0
       1
       0
       0
       1
       0
       0
       0
       0
       1
       0
       0
       0
       0
       0
       2
       0
       0
       1
       2
       0
       1
       0
       0
       0
       0
       0
       0
       0
       2
       0
       0
       0
       0
       0
       0
       0
       0
       1
       0
       0
       0
       1
       0
       0
       0
       0
       0
       1
       0
       0
       0
       0
       0
       1
       0
       0
       0
       1
       0
       0
       0
       0
       0
       0
       0
       0
       0
       0
       0
       1
       0
       0
       0
       0
       0
       0
       1
       0
       0
       1
       0
       3
       0
       0
       0
       1
       0
       0
       1
       0
       0
       0
       0
       0
       0
       1
       0
       0
       0
       0
       0
       0
       0
       1
       0
       0
       0
       0
       0
       0
       0
       0
       0
       0
       1
       0
       0
       2
       0
       0
       0
       0
       0
       0
       0
       0
       0
       0
       0
       0
       0
       0
       0
       0
       0
       0
       1
       0
       1
       0
       0
       0
       0
       0
       0
       0
       0
       0
       0
       0
       0
       0
       0
       0
       0
       0
       0
       0
       1
       0
       0
       0
       2
       0
       0
       0
       1
       0
       0
       0
       0
       0
       0
       0
       1
       0
       1
       0
       0
       0
       0
       0
       0
       0
       0
       0
       0
       0
       0
       1
       0
       1
       0
       1
       0
       0
       0
       1
       0
       0
       1
       0
       0
       0
       0
       0
       0
       1
       0
       1
       1
       0
       0
       0
       0
       0
       0
       0
       0
       0
       0
       0
       0
       1
       0
       0
       0
       0
       0
       1
       0
       0
       0
       0
       1
       0
       1
       1
       0
       0
       0
       0
       0
       0
       0
       0
       0
       0
       0
       0
       0
       0
       0
       0
       0
       0
       0
       0
       0
       0
       0
       0
       1
       0
       1
       0
       0
       0
       1
       0
       1
       0
       0
       0
       0
       2
       0
       0
       0
       1
       0
       0
       0
       0
       0
       0
       0
       0
       0
       1
       1
       0
       0
       0
       0
       0
       0
       0
       0
       0
       0
       0
       0
       1
       0
       0
       0
       0
       0
       0
       0
       1
       0
       0
       0
       0
       0
       0
       0
       0
       0
       0
       0
       1
       0
       0
       0
       0
       0
       0
       0
       0
       0
       0
       1
       0
       0
       0
       0
       0
       0
       0
       0
       0
       0
       0
       0
       0
       1
       0
       0
       0
       1
       0
       0
       0
       0
       1
       0
       0
       0
       0
       0
       0
       0
       0
       1
       0
       0
       0
       0
       0
       0
       0
       0
       0
       0
       1
       1
       0
       0
       0
       1
       1
       2
       0
       0
       0
       0
       0
       0
       0
       0
       1
       0
       0
       0
       0
       0
       0
       0
       0
       0
       0
       0
       0
       0
       0
       0
       0
       0
       0
       0
       0
       1
       0
       0
       0
       0
       0
       0
       0
       0
       0
       0
       0
       0
       0
       0
       0
       0
       0
       0
       0
       0
       0
       0
       0
       0
       1
       0
       0
       0
       0
       0
       0
       0
       1
       0
       0
       0
       0
       0
       1
       0
       0
       0
       0
       0
       0
       0
       0
       0
       0
       0
       0
       0
       1
       0
       0
       0
       0
       0
       0
       0
       0
       0
       1
       0
       0
       0
       0
       0
       1
       0
       0
       0
       0
       0
       0
       0
       1
       0
       0
       0
       0
       1
       0
       1
       0
       0
       0
       0
       0
       0
       0
       0
       0
       0
       0
       0
       1
       0
       1
       1
       1
       0
       0
       0
       0
       0
       0
       0
       0
       0
       0
       0
       0
       0
       0
       0
       0
       0
       0
       0
       0
       1
       1
       0
       0
       0
       0
       0
       0
       0
       0
       0
       0
       0
       0
       0
       0
       0
       0
       1
       0
       0
       0
       0
       0
       1
       0
       0
       0
       1
       0
       0
       0
       0
       0
       1
       0
       1
       0
       0
       0
       0
       0
       0
       0
       0
       1
       1
       0
       0
       0
       1
       0
       0
       0
       0
       0
       1
       1
       0
       1
       0
       0
       0
       0
       1
       0
       0
       0
       1
       0
       0
       0
       1
       0
       0
       0
       0
       1
       1
       0
       0
       0
       0
       1
       1
       0
       1
       1
       1
       0
       0
       0
       0
       0
       1
       0
       1
       0
       0
       0
       1
       2
       1
       0
       0
       0
       1
       0
       0
       0
       0
       0
       0
       0
       0
       0
       0
       0
       0
       0
       0
       0
       0
       0
       1
       0
       0
       1
       2
       0
       0
       0
       0
       0
       0
       1
       0
       2
       0
       0
       1
       0
       2
       1
       2
       1
       0
       0
       0
       2
       0
       0
       0
       0
       0
       0
       1
       0
       0
       0
       0
       0
       0
       1
       1
       1
       0
       0
       0
       1
       1
       2
       0
       0
       1
       0
       0
       0
       0
       0
       0
       0
       1
       0
       0
       0
       0
       0
       0
       0
       0
       0
       0
       1
       0
       1
       1
       0
       0
       0
       1
       3
       1
       1
       1
       0
       0
       2
       0
       1
       0
       2
       0
       1
       0
       2
       1
       1
       1
       0
       2
       2
       2
       2
       2
       1
       4
       1
       2
       1
       3
       1
       4
       1
       0
       2
       1
       2
       1
       5
       7
      13
       9
       3
       0
       0
       0
       0
       0
       0
       0
       0
       0
       0
       0
       0
       0
       0
       0
       0
       0
       0
       0
       0
       0
       0
       0
       0
       0
       0
       0
       0
       0
       0
       0
       0
       0
       0
       0
       0
       0
       0
       0
       0
       0
       0
       0
       0
       0
       0
       0
       0
       0
       0
       0
       0
       0
       0
       0
       0
       0
       0
       0
       0
       0
       0
       0
       0
       0
       0
       0
       0
       0
       0
       0
       0
       0
       0
       0
       0
       0
       0
       0
       0
       0
       0
       0
       0
       0
       0
       0
       0
       0
       0
       0
       0
       0
       0
       0
       0
       0
       0
       0
       0
       0
       0
       0
       0
       0
       0
       0
       0
       0
       0
       0
       0
       0
       0
       0
       0
       0
       0
       0
       0
       0
       0
       0
       0
       0
       0
       0
       0
       0
       0
       0
       0
       0
       0
       0
       0
       0
       0
       0
       0
       0
       0
       0
       0
       0
       0
       0
       0
       0
       0
       0
       0
       0
       0
       0
       0
       0
       0
       0
       0
       0
       0
       0
       0
       0
       0
       0
       0
       0
       0
       0
       0
       0
       0
       0
       0
       0
       0
       0
       0
       0
       0
       0
       0
       0
       0
       0
       0
       0
       0
       0
       0
       0
       0
       0
       0
       0
       0
       0
       0
       0
       0
       0
       0
       0
       0
       0
       0
       0
       0
       0
       0
       0
       0
       0
       0
       0
       0
       0
       0
       0
       0
       0
       0
       0
       0
       0
       0
       0
       0
       0
       0
       0
       0
       0
       0
       0
       0
       0
       0
       0
       0
       0
       0
       0
       0
       0
       0
       0
       0
       0
       0
       0
       0
       0
       0
       0
       0
       0
       0
       0
       0
       0
       0
       0
       0
       0
       0
       0
       0
       0
       0
       0
       0
       0
       0
       0
       0
       0
       0
       0
       0
       0
       0
       0
       0
       0
       0
       0
       0
       0
       0
       0
       0
       0
       0
       0
       0
       0
       0
       0
       0
       0
       0
       0
       0
       0
       0
       0
       0
       0
       0
       0
       0
       0
       0
       0
       0
       0
       0
       0
       0
       0
       0
       0
       0
       0
       0
       0
       0
       0
       0
       0
       0
       0
       0
       0
       0
       0
       0
       0
       0
       0
       0
       0
       0
       0
       0
       0
       0
       0
       0
       0
       0
       0
       0
       0
       0
       0
       0
       0
       0
       0
       0
       0
       0
       0
       0
       0
       0
       0
       0
       0
       0
       0
       0
       0
       0
       0
       0
       0
       0
       0
       0
       0
       0
       0
       0
       0
       0
       0
       0
       0
$ROI:
3
5 213
215 1972
4034 4072
$PRESETS:
None
0
0
$ENER_FIT:
0.000000 0.000000
$MCA_CAL:
3
0.000000E+000 0.000000E+000 0.000000E+000 
$SHAPE_CAL:
3
0.000000E+000 0.000000E+000 0.000000E+000
